ACTIVITY,X0,X1,X2,X3,X4,X5,X6,X7,X8,X9,Y0,Y1,Y2,Y3,Y4,Y5,Y6,Y7,Y8,Y9,Z0,Z1,Z2,Z3,Z4,Z5,Z6,Z7,Z8,Z9,XAVG,YAVG,ZAVG,XPEAK,YPEAK,ZPEAK,XABSOLDEV,YABSOLDEV,ZABSOLDEV,XSTANDDEV,YSTANDDEV,ZSTANDDEV,XVAR,YVAR,ZVAR,XMFCC0,XMFCC1,XMFCC2,XMFCC3,XMFCC4,XMFCC5,XMFCC6,XMFCC7,XMFCC8,XMFCC9,XMFCC10,XMFCC11,XMFCC12,YMFCC0,YMFCC1,YMFCC2,YMFCC3,YMFCC4,YMFCC5,YMFCC6,YMFCC7,YMFCC8,YMFCC9,YMFCC10,YMFCC11,YMFCC12,ZMFCC0,ZMFCC1,ZMFCC2,ZMFCC3,ZMFCC4,ZMFCC5,ZMFCC6,ZMFCC7,ZMFCC8,ZMFCC9,ZMFCC10,ZMFCC11,ZMFCC12,XYCOS,XZCOS,YZCOS,XYCOR,XZCOR,YZCOR,RESULTANT,class
A,0.075,0.025,0.01,0.005,0.15,0.245,0.28,0.14,0.055,0.015,0.49,0.305,0.15,0.02,0.015,0.0,0.02,0.0,0.0,0.0,0.11,0.435,0.315,0.085,0.035,0.005,0.015,0.0,0.0,0.0,9.1096,-2.89586,0.0111929,55.7143,45.7143,45.0,3.66961,3.19062,2.10848,0.368749,0.317327,0.230785,0.607247,0.563317,0.480401,0.477392,0.674773,0.673689,0.671884,0.669359,0.666117,0.662162,0.657498,0.65213,0.646064,0.639306,0.631863,0.623743,0.495224,0.699978,0.698853,0.69698,0.694361,0.690998,0.686895,0.682057,0.676489,0.670196,0.663185,0.655464,0.647041,0.433666,0.612969,0.611984,0.610344,0.60805,0.605105,0.601513,0.597276,0.592399,0.586889,0.580749,0.573988,0.566612,-0.556642,-0.165115,0.150696,-0.20622,-0.33834,0.181562,11.547,1641
A,0.0,0.0,0.005,0.005,0.15,0.31,0.305,0.135,0.07,0.02,0.455,0.315,0.205,0.02,0.005,0.0,0.0,0.0,0.0,0.0,0.095,0.375,0.45,0.075,0.0,0.0,0.0,0.0,0.0,0.005,10.4512,-2.7676,-0.0228527,51.3889,43.4091,38.7755,2.38119,2.86277,1.67778,0.218755,0.256071,0.179465,0.467713,0.506034,0.423633,0.439019,0.620535,0.619538,0.617877,0.615555,0.612574,0.608937,0.604648,0.599711,0.594133,0.587918,0.581073,0.573606,0.4404,0.622486,0.621486,0.61982,0.617491,0.614501,0.610852,0.60655,0.601597,0.596001,0.589767,0.5829,0.57541,0.405559,0.57324,0.572319,0.570785,0.56864,0.565886,0.562527,0.558564,0.554004,0.54885,0.543109,0.536786,0.529888,-0.644939,0.0443856,-0.193609,-0.27801,0.186802,-0.250566,11.5067,1641
A,0.305,0.075,0.015,0.07,0.14,0.18,0.115,0.08,0.02,0.0,0.735,0.135,0.11,0.015,0.005,0.0,0.0,0.0,0.0,0.0,0.4,0.355,0.205,0.025,0.01,0.005,0.0,0.0,0.0,0.0,3.50598,-5.22314,-2.43993,49.7436,43.4884,47.5,6.49788,3.53049,2.79322,0.516127,0.315734,0.277249,0.71842,0.561902,0.526544,0.459167,0.649012,0.647969,0.646233,0.643804,0.640686,0.636882,0.632396,0.627233,0.621398,0.614898,0.60774,0.59993,0.453343,0.64078,0.639751,0.638036,0.635639,0.63256,0.628805,0.624375,0.619278,0.613517,0.607099,0.600031,0.592321,0.429284,0.606774,0.605799,0.604176,0.601905,0.59899,0.595434,0.59124,0.586413,0.580958,0.57488,0.568188,0.560886,-0.0786187,0.0659984,0.620081,0.427645,0.385139,0.39602,10.7833,1641
A,0.0,0.0,0.0,0.07,0.205,0.23,0.33,0.115,0.04,0.01,0.45,0.31,0.17,0.055,0.015,0.0,0.0,0.0,0.0,0.0,0.08,0.335,0.505,0.08,0.0,0.0,0.0,0.0,0.0,0.0,9.73221,-2.43694,0.197629,51.1429,46.1905,43.8636,2.55183,2.69555,1.44474,0.220869,0.242823,0.127312,0.469967,0.492771,0.356809,0.411351,0.581426,0.580492,0.578936,0.576761,0.573968,0.57056,0.566541,0.561915,0.556688,0.550865,0.544452,0.537456,0.433327,0.612488,0.611505,0.609866,0.607574,0.604631,0.601042,0.596808,0.591935,0.586429,0.580295,0.573539,0.566169,0.33526,0.473876,0.473114,0.471847,0.470073,0.467797,0.465019,0.461744,0.457974,0.453714,0.448968,0.443741,0.438039,-0.649193,0.104669,-0.237854,-0.393831,0.00256143,-0.215516,10.6565,1641
A,0.0,0.0,0.0,0.145,0.195,0.31,0.175,0.12,0.045,0.01,0.52,0.36,0.105,0.015,0.0,0.0,0.0,0.0,0.0,0.0,0.405,0.415,0.145,0.03,0.005,0.0,0.0,0.0,0.0,0.0,9.03446,-3.37904,-1.89111,66.7857,42.8889,44.5455,2.78482,2.57374,1.74679,0.24351,0.236677,0.157073,0.493467,0.486494,0.396324,0.433082,0.612142,0.611159,0.609521,0.60723,0.604289,0.600702,0.59647,0.591601,0.586097,0.579966,0.573214,0.565848,0.427169,0.603785,0.602815,0.601199,0.59894,0.596039,0.592501,0.588327,0.583524,0.578096,0.572048,0.565389,0.558123,0.368317,0.520601,0.519764,0.518371,0.516423,0.513922,0.510871,0.507273,0.503131,0.498451,0.493237,0.487494,0.48123,-0.781585,-0.65193,0.561831,-0.469653,-0.17037,0.189019,10.3977,1641
A,0.0,0.0,0.06,0.21,0.265,0.225,0.14,0.06,0.035,0.005,0.715,0.185,0.07,0.025,0.005,0.0,0.0,0.0,0.0,0.0,0.11,0.335,0.355,0.105,0.08,0.005,0.01,0.0,0.0,0.0,7.53293,-4.75026,0.5697,45.3488,45.3488,37.8431,2.96859,3.23697,2.24487,0.255689,0.286243,0.214228,0.505657,0.535017,0.462848,0.435205,0.615144,0.614155,0.612509,0.610208,0.607252,0.603647,0.599395,0.594501,0.588971,0.58281,0.576025,0.568623,0.42669,0.603108,0.602139,0.600525,0.598269,0.595371,0.591836,0.587668,0.58287,0.577448,0.571407,0.564755,0.557498,0.390559,0.552039,0.551152,0.549675,0.547609,0.544957,0.541722,0.537906,0.533514,0.528551,0.523022,0.516933,0.510291,-0.675353,0.0391868,-0.169908,0.0385029,-0.299595,-0.0458878,10.244,1641
A,0.0,0.0,0.0,0.095,0.24,0.265,0.245,0.1,0.055,0.0,0.45,0.32,0.2,0.02,0.01,0.0,0.0,0.0,0.0,0.0,0.315,0.385,0.28,0.02,0.0,0.0,0.0,0.0,0.0,0.0,9.21238,-2.68746,-1.62639,60.625,43.1818,44.8837,2.69305,2.72525,2.05337,0.230738,0.243442,0.182546,0.480352,0.493398,0.427254,0.423379,0.598428,0.597466,0.595865,0.593626,0.590751,0.587243,0.583107,0.578346,0.572966,0.566973,0.560372,0.553171,0.432954,0.611961,0.610978,0.609341,0.607051,0.604111,0.600524,0.596294,0.591426,0.585924,0.579795,0.573045,0.565681,0.374851,0.529835,0.528984,0.527566,0.525584,0.523038,0.519933,0.516271,0.512056,0.507292,0.501986,0.496142,0.489766,-0.630192,-0.531756,0.425984,-0.19064,-0.103749,0.146926,10.5257,1641
A,0.0,0.0,0.01,0.035,0.205,0.22,0.325,0.115,0.09,0.0,0.445,0.33,0.185,0.035,0.005,0.0,0.0,0.0,0.0,0.0,0.115,0.455,0.39,0.035,0.005,0.0,0.0,0.0,0.0,0.0,10.0511,-2.54153,-0.283952,54.2857,46.4286,50.0,2.60301,2.70123,1.41726,0.223894,0.230116,0.133853,0.473175,0.479704,0.365859,0.422081,0.596593,0.595634,0.594038,0.591806,0.588939,0.585443,0.581319,0.576573,0.571209,0.565234,0.558654,0.551475,0.416137,0.588191,0.587246,0.585672,0.583471,0.580646,0.577198,0.573132,0.568453,0.563165,0.557274,0.550786,0.543709,0.340544,0.481344,0.480571,0.479283,0.477482,0.47517,0.472348,0.469021,0.465192,0.460865,0.456044,0.450734,0.444942,-0.652743,-0.103939,-0.0696025,-0.277346,0.126372,-0.20645,10.9734,1641
A,0.13,0.065,0.005,0.02,0.155,0.16,0.265,0.135,0.04,0.025,0.535,0.295,0.135,0.025,0.01,0.0,0.0,0.0,0.0,0.0,0.095,0.325,0.355,0.13,0.045,0.025,0.015,0.01,0.0,0.0,7.5533,-3.27655,0.801256,58.125,43.7209,43.3333,5.06696,2.8665,2.41563,0.456904,0.24848,0.24743,0.675947,0.498478,0.497423,0.463753,0.655495,0.654442,0.652688,0.650235,0.647086,0.643244,0.638714,0.633499,0.627606,0.621041,0.61381,0.605923,0.439847,0.621704,0.620705,0.619042,0.616715,0.613729,0.610085,0.605787,0.600842,0.595252,0.589025,0.582168,0.574687,0.402848,0.569408,0.568493,0.56697,0.564839,0.562104,0.558766,0.554831,0.550301,0.545182,0.539479,0.533198,0.526346,-0.502738,-0.026908,-0.182361,0.0325458,-0.310135,-0.0422799,11.055,1641
A,0.0,0.0,0.0,0.0,0.13,0.275,0.3,0.19,0.1,0.005,0.48,0.33,0.175,0.01,0.0,0.0,0.005,0.0,0.0,0.0,0.03,0.385,0.33,0.225,0.03,0.0,0.0,0.0,0.0,0.0,10.9921,-2.82691,0.790422,52.0,41.0638,45.0,2.33218,2.50687,1.88217,0.196965,0.222366,0.155528,0.443808,0.471557,0.39437,0.425875,0.601955,0.600988,0.599378,0.597125,0.594233,0.590705,0.586545,0.581756,0.576344,0.570315,0.563675,0.556432,0.412195,0.58262,0.581684,0.580125,0.577945,0.575146,0.571731,0.567704,0.563069,0.557831,0.551996,0.545569,0.538559,0.334313,0.472537,0.471778,0.470514,0.468746,0.466475,0.463706,0.46044,0.45668,0.452432,0.447699,0.442487,0.436801,-0.728001,0.445282,-0.556678,-0.437681,0.508082,-0.472359,11.888,1641
A,0.0,0.0,0.0,0.045,0.23,0.295,0.23,0.15,0.04,0.01,0.45,0.31,0.205,0.035,0.0,0.0,0.0,0.0,0.0,0.0,0.295,0.33,0.335,0.035,0.005,0.0,0.0,0.0,0.0,0.0,9.66279,-2.5118,-1.30334,50.5128,43.1111,50.0,2.5382,2.76451,2.2155,0.222428,0.245894,0.193261,0.471623,0.495877,0.439615,0.437209,0.617976,0.616984,0.61533,0.613018,0.610049,0.606427,0.602155,0.597239,0.591683,0.585494,0.578678,0.571242,0.444675,0.628528,0.627518,0.625837,0.623485,0.620465,0.616781,0.612437,0.607437,0.601786,0.595491,0.588558,0.580995,0.366806,0.518464,0.517631,0.516244,0.514304,0.511813,0.508774,0.505191,0.501066,0.496405,0.491212,0.485494,0.479255,-0.624207,-0.350278,0.155122,-0.268714,0.211212,-0.132448,10.9231,1641
A,0.045,0.02,0.02,0.06,0.19,0.21,0.285,0.11,0.06,0.0,0.49,0.305,0.095,0.08,0.03,0.0,0.0,0.0,0.0,0.0,0.13,0.36,0.41,0.04,0.01,0.015,0.035,0.0,0.0,0.0,8.64535,-2.66734,-0.104288,54.0,46.4286,43.8636,3.54321,3.12357,2.41768,0.338033,0.291492,0.296892,0.581406,0.5399,0.544878,0.440116,0.622084,0.621085,0.61942,0.617093,0.614104,0.610458,0.606158,0.601209,0.595616,0.589386,0.582524,0.575039,0.464734,0.656881,0.655826,0.654068,0.65161,0.648455,0.644604,0.640064,0.634838,0.628933,0.622354,0.615108,0.607204,0.441643,0.624244,0.623241,0.621571,0.619235,0.616236,0.612577,0.608262,0.603296,0.597684,0.591432,0.584546,0.577035,-0.576798,0.036059,0.306749,-0.249566,0.119459,0.349404,11.2219,1641
A,0.025,0.04,0.06,0.105,0.14,0.275,0.135,0.135,0.065,0.02,0.525,0.25,0.145,0.075,0.005,0.0,0.0,0.0,0.0,0.0,0.1,0.355,0.315,0.115,0.06,0.03,0.025,0.0,0.0,0.0,8.473,-3.63182,0.756616,50.2564,44.186,56.5625,3.78871,3.89117,2.54851,0.342226,0.344045,0.251913,0.585001,0.586553,0.501909,0.422331,0.596947,0.595988,0.594391,0.592157,0.589289,0.58579,0.581664,0.576915,0.571549,0.56557,0.558985,0.551803,0.470083,0.664442,0.663375,0.661597,0.659111,0.655919,0.652024,0.647432,0.642146,0.636172,0.629518,0.622189,0.614194,0.41763,0.590301,0.589353,0.587774,0.585565,0.582729,0.579269,0.575189,0.570493,0.565186,0.559274,0.552763,0.54566,-0.643018,0.0102359,0.170224,-0.310987,-0.350711,0.375682,11.3799,1641
A,0.055,0.01,0.01,0.005,0.105,0.295,0.18,0.15,0.15,0.04,0.475,0.3,0.2,0.025,0.0,0.0,0.0,0.0,0.0,0.0,0.085,0.525,0.305,0.065,0.015,0.005,0.0,0.0,0.0,0.0,10.301,-3.05352,-0.39399,63.4483,52.2222,47.5,3.90853,3.13626,1.61624,0.393072,0.279264,0.176288,0.626955,0.528455,0.419866,0.478304,0.676062,0.674976,0.673167,0.670637,0.667389,0.663427,0.658754,0.653375,0.647297,0.640526,0.633069,0.624934,0.442239,0.625086,0.624082,0.622409,0.62007,0.617067,0.613404,0.609083,0.60411,0.59849,0.59223,0.585335,0.577813,0.383368,0.541874,0.541004,0.539554,0.537526,0.534923,0.531747,0.528002,0.523691,0.518819,0.513392,0.507415,0.500895,-0.593321,0.0927647,-0.140975,-0.146485,0.490605,-0.302594,12.3395,1641
A,0.08,0.025,0.025,0.01,0.11,0.235,0.155,0.205,0.085,0.07,0.4,0.28,0.23,0.04,0.03,0.005,0.005,0.005,0.005,0.0,0.05,0.38,0.29,0.15,0.06,0.04,0.0,0.005,0.015,0.01,9.53969,-2.37419,1.49067,51.0811,43.1818,47.4359,4.65302,3.76531,2.77419,0.4551,0.346893,0.280491,0.674611,0.588977,0.529614,0.496133,0.701262,0.700136,0.698259,0.695635,0.692267,0.688156,0.683309,0.67773,0.671426,0.664402,0.656667,0.648229,0.499148,0.705524,0.704391,0.702503,0.699863,0.696474,0.692338,0.687462,0.681849,0.675506,0.66844,0.660658,0.652169,0.434114,0.613602,0.612616,0.610974,0.608678,0.60573,0.602134,0.597893,0.593011,0.587495,0.581349,0.574581,0.567198,-0.550656,0.157726,-0.168797,-0.376492,-0.255733,-0.0184634,12.6394,1641
A,0.0,0.0,0.0,0.035,0.155,0.315,0.295,0.13,0.06,0.01,0.425,0.32,0.21,0.035,0.01,0.0,0.0,0.0,0.0,0.0,0.22,0.365,0.335,0.065,0.01,0.005,0.0,0.0,0.0,0.0,10.1265,-2.33368,-0.885855,50.2703,39.2,45.0,2.43625,2.67261,2.25605,0.211808,0.230764,0.209188,0.460226,0.480379,0.457371,0.435729,0.615884,0.614895,0.613247,0.610942,0.607984,0.604374,0.600117,0.595217,0.58968,0.583512,0.576719,0.569308,0.43198,0.610586,0.609605,0.607971,0.605686,0.602753,0.599174,0.594954,0.590096,0.584607,0.578492,0.571757,0.56441,0.388297,0.548841,0.547959,0.546491,0.544437,0.541801,0.538584,0.53479,0.530424,0.52549,0.519993,0.513939,0.507335,-0.627644,-0.195292,-0.0643046,-0.302804,0.293607,-0.296648,11.2823,1641
A,0.0,0.0,0.0,0.005,0.175,0.275,0.285,0.205,0.045,0.01,0.43,0.38,0.16,0.03,0.0,0.0,0.0,0.0,0.0,0.0,0.02,0.46,0.46,0.06,0.0,0.0,0.0,0.0,0.0,0.0,10.4563,-2.43816,0.146046,56.3636,46.8293,47.9487,2.39473,2.40732,1.12867,0.199332,0.203964,0.0975806,0.446466,0.451624,0.312379,0.408043,0.576752,0.575825,0.574282,0.572124,0.569353,0.565973,0.561986,0.557398,0.552213,0.546436,0.540074,0.533134,0.395123,0.558489,0.557592,0.556098,0.554008,0.551325,0.548052,0.544191,0.539748,0.534727,0.529134,0.522974,0.516253,0.281902,0.398456,0.397816,0.39675,0.395259,0.393344,0.391009,0.388255,0.385085,0.381503,0.377512,0.373117,0.368322,-0.695517,0.18996,-0.395907,-0.363304,0.341289,-0.431832,11.1223,1641
A,0.125,0.095,0.065,0.095,0.15,0.18,0.195,0.065,0.03,0.0,0.49,0.23,0.12,0.115,0.03,0.01,0.0,0.0,0.0,0.005,0.14,0.25,0.285,0.05,0.075,0.125,0.065,0.01,0.0,0.0,5.68324,-2.28546,1.89644,50.0,44.3182,47.0732,5.01958,3.71763,3.98116,0.432289,0.340637,0.361154,0.657487,0.583642,0.600961,0.45392,0.641596,0.640565,0.638848,0.636448,0.633365,0.629605,0.62517,0.620066,0.614298,0.607872,0.600795,0.593075,0.463579,0.655249,0.654196,0.652443,0.649991,0.646843,0.643003,0.638473,0.633261,0.62737,0.620807,0.61358,0.605695,0.458237,0.647699,0.646658,0.644925,0.642501,0.63939,0.635594,0.631117,0.625964,0.620141,0.613654,0.60651,0.598716,-0.576662,-0.0313528,0.259187,-0.430428,-0.390837,0.482169,10.7898,1641
B,0.17,0.125,0.135,0.115,0.135,0.09,0.075,0.07,0.03,0.055,0.595,0.155,0.12,0.095,0.01,0.02,0.005,0.0,0.0,0.0,0.37,0.205,0.205,0.08,0.035,0.07,0.03,0.0,0.0,0.005,4.50249,-6.41405,-1.20893,54.8571,43.3333,35.7692,5.92136,7.04214,4.73694,0.507722,0.586424,0.445744,0.712546,0.765783,0.667641,0.512395,0.724248,0.723085,0.721147,0.718437,0.714957,0.710712,0.705706,0.699945,0.693433,0.68618,0.678191,0.669476,0.549862,0.777207,0.775958,0.773878,0.77097,0.767237,0.762681,0.757309,0.751126,0.744139,0.736355,0.727782,0.71843,0.531931,0.751861,0.750653,0.748641,0.745828,0.742216,0.737809,0.732612,0.726631,0.719871,0.712341,0.704048,0.695001,-0.582827,-0.15015,0.350365,-0.384701,-0.0602001,0.302674,12.9038,1641
B,0.395,0.045,0.095,0.135,0.15,0.105,0.04,0.01,0.01,0.015,0.65,0.105,0.12,0.08,0.03,0.01,0.005,0.0,0.0,0.0,0.39,0.19,0.275,0.12,0.01,0.015,0.0,0.0,0.0,0.0,1.21216,-8.1759,-1.84308,36.4815,55.2941,41.7778,5.76762,7.98447,3.69373,0.472712,0.638853,0.331544,0.68754,0.799283,0.575799,0.50006,0.706813,0.705677,0.703786,0.701141,0.697746,0.693603,0.688717,0.683094,0.67674,0.669661,0.661865,0.65336,0.53887,0.761669,0.760445,0.758407,0.755557,0.751898,0.747434,0.742169,0.73611,0.729262,0.721633,0.713232,0.704067,0.478961,0.67699,0.675902,0.674091,0.671558,0.668305,0.664337,0.659658,0.654272,0.648186,0.641405,0.633938,0.625792,-0.101551,-0.123691,0.587998,0.0248926,-0.0637962,0.496365,13.322,1641
B,0.435,0.075,0.125,0.12,0.175,0.06,0.01,0.0,0.0,0.0,0.65,0.14,0.11,0.065,0.03,0.005,0.0,0.0,0.0,0.0,0.45,0.19,0.305,0.045,0.01,0.0,0.0,0.0,0.0,0.0,-0.454473,-8.48744,-2.07373,36.9231,56.9697,39.5918,5.129,8.08042,2.98586,0.40717,0.628925,0.25982,0.638099,0.793048,0.509725,0.455777,0.644221,0.643186,0.641462,0.639052,0.635957,0.632181,0.627728,0.622603,0.616811,0.610359,0.603253,0.595501,0.51811,0.732326,0.73115,0.72919,0.72645,0.722932,0.71864,0.713578,0.707752,0.701168,0.693833,0.685756,0.676944,0.430658,0.608716,0.607738,0.606109,0.603831,0.600907,0.597339,0.593132,0.588289,0.582817,0.57672,0.570006,0.562681,0.106779,0.0979322,0.728104,0.0727391,0.0682587,0.617082,12.7252,1641
B,0.395,0.07,0.045,0.18,0.185,0.105,0.02,0.0,0.0,0.0,0.635,0.125,0.09,0.09,0.06,0.0,0.0,0.0,0.0,0.0,0.41,0.255,0.22,0.105,0.005,0.005,0.0,0.0,0.0,0.0,0.534535,-8.11821,-1.99706,31.2903,68.5185,45.3659,5.48753,8.24877,3.24163,0.433591,0.645783,0.284273,0.658477,0.803606,0.533172,0.462179,0.65327,0.65222,0.650472,0.648028,0.644889,0.64106,0.636545,0.631348,0.625475,0.618932,0.611726,0.603866,0.516857,0.730555,0.729382,0.727427,0.724693,0.721184,0.716902,0.711852,0.70604,0.699473,0.692156,0.684097,0.675307,0.431968,0.610568,0.609587,0.607954,0.605669,0.602736,0.599157,0.594937,0.59008,0.58459,0.578475,0.571741,0.564394,-0.0837378,-0.177265,0.687127,-0.0349746,-0.155378,0.584969,13.0013,1641
B,0.33,0.085,0.155,0.145,0.165,0.075,0.02,0.01,0.005,0.01,0.655,0.145,0.1,0.065,0.03,0.005,0.0,0.0,0.0,0.0,0.41,0.185,0.265,0.1,0.03,0.01,0.0,0.0,0.0,0.0,0.93135,-8.24124,-1.67759,34.1071,57.8125,39.0,4.95076,7.49948,3.40756,0.422699,0.593639,0.301964,0.650153,0.77048,0.549513,0.492229,0.695744,0.694626,0.692764,0.690161,0.686819,0.682741,0.677932,0.672397,0.666142,0.659174,0.651499,0.643128,0.524723,0.741673,0.740481,0.738497,0.735722,0.732159,0.727812,0.722685,0.716785,0.710117,0.702689,0.694508,0.685583,0.47236,0.66766,0.666587,0.664801,0.662302,0.659095,0.655182,0.650567,0.645255,0.639253,0.632566,0.625201,0.617168,-0.157549,0.0776808,0.567635,-0.0704962,0.145671,0.468969,12.2751,1641
B,0.475,0.06,0.115,0.185,0.125,0.04,0.0,0.0,0.0,0.0,0.68,0.155,0.12,0.04,0.005,0.0,0.0,0.0,0.0,0.0,0.31,0.31,0.29,0.055,0.03,0.005,0.0,0.0,0.0,0.0,-0.929686,-8.7493,-1.34524,32.2951,46.5854,39.2,4.86195,7.43188,2.7626,0.387152,0.582017,0.260139,0.622215,0.7629,0.510039,0.468632,0.662391,0.661327,0.659554,0.657076,0.653893,0.650011,0.645433,0.640163,0.634208,0.627574,0.620267,0.612297,0.53357,0.754178,0.752967,0.750949,0.748127,0.744504,0.740083,0.73487,0.728871,0.72209,0.714537,0.706218,0.697143,0.442384,0.625291,0.624286,0.622613,0.620273,0.617269,0.613604,0.609282,0.604308,0.598686,0.592424,0.585527,0.578003,0.182909,0.204669,0.57487,0.0902684,0.158952,0.50462,12.0672,1641
B,0.36,0.075,0.09,0.095,0.245,0.11,0.025,0.0,0.0,0.0,0.655,0.13,0.11,0.075,0.025,0.005,0.0,0.0,0.0,0.0,0.3,0.275,0.3,0.105,0.015,0.0,0.0,0.005,0.0,0.0,0.854425,-8.37602,-1.22524,34.7273,55.1429,43.8636,5.51366,7.89392,3.07305,0.432649,0.62195,0.277058,0.65776,0.788638,0.526363,0.463507,0.655147,0.654094,0.652341,0.64989,0.646742,0.642903,0.638374,0.633162,0.627272,0.620711,0.613484,0.605601,0.526449,0.744112,0.742917,0.740926,0.738142,0.734567,0.730206,0.725062,0.719143,0.712453,0.705,0.696792,0.687839,0.438264,0.619467,0.618472,0.616814,0.614496,0.61152,0.607889,0.603608,0.598679,0.59311,0.586906,0.580073,0.572619,-0.128273,-0.195438,0.584905,-0.0458677,-0.16309,0.548471,12.822,1641
B,0.38,0.12,0.11,0.195,0.13,0.05,0.015,0.0,0.0,0.0,0.685,0.155,0.125,0.025,0.01,0.0,0.0,0.0,0.0,0.0,0.325,0.205,0.35,0.075,0.035,0.005,0.005,0.0,0.0,0.0,0.0441311,-8.82401,-1.21388,39.1837,64.0,40.0,4.54272,7.27592,3.35834,0.366905,0.57175,0.296878,0.605727,0.756141,0.544865,0.443741,0.627209,0.626201,0.624523,0.622176,0.619163,0.615487,0.611151,0.606162,0.600523,0.594241,0.587323,0.579776,0.523807,0.740379,0.739189,0.737208,0.734438,0.730881,0.726542,0.721424,0.715534,0.708878,0.701463,0.693296,0.684387,0.439248,0.620858,0.619861,0.6182,0.615876,0.612894,0.609255,0.604963,0.600024,0.594443,0.588224,0.581376,0.573906,0.0041016,0.127775,0.533429,0.0153529,0.135472,0.506389,12.0806,1641
B,0.325,0.13,0.085,0.155,0.21,0.095,0.0,0.0,0.0,0.0,0.68,0.155,0.125,0.03,0.01,0.0,0.0,0.0,0.0,0.0,0.375,0.175,0.28,0.14,0.02,0.01,0.0,0.0,0.0,0.0,0.694324,-8.42934,-1.58806,38.6,59.375,43.7778,4.88044,7.12137,3.48901,0.38871,0.569012,0.297885,0.623466,0.754329,0.545789,0.461699,0.652592,0.651543,0.649797,0.647355,0.64422,0.640395,0.635885,0.630693,0.624826,0.61829,0.611092,0.603239,0.523008,0.739249,0.738061,0.736083,0.733317,0.729765,0.725433,0.720323,0.714442,0.707796,0.700392,0.692238,0.683343,0.457973,0.647325,0.646285,0.644553,0.642131,0.639021,0.635227,0.630753,0.625603,0.619783,0.6133,0.60616,0.598371,-0.140976,-0.247377,0.660833,-0.0734774,-0.218857,0.62788,12.0282,1641
B,0.355,0.06,0.105,0.105,0.18,0.105,0.07,0.015,0.005,0.0,0.64,0.145,0.105,0.05,0.015,0.015,0.005,0.0,0.0,0.025,0.375,0.13,0.245,0.17,0.025,0.03,0.005,0.005,0.005,0.01,1.19627,-7.06562,-1.15943,38.2,55.1429,43.6364,5.77411,7.83454,4.75295,0.469528,0.667225,0.434465,0.685221,0.816839,0.659139,0.507524,0.717363,0.716211,0.714291,0.711607,0.708161,0.703956,0.698998,0.693291,0.686842,0.679657,0.671744,0.663112,0.556596,0.786724,0.78546,0.783355,0.780411,0.776632,0.772021,0.766583,0.760324,0.753251,0.745372,0.736694,0.727228,0.515245,0.728277,0.727107,0.725158,0.722433,0.718935,0.714666,0.709632,0.703838,0.697291,0.689997,0.681964,0.673201,-0.135555,-0.135615,0.603115,-0.037171,-0.106234,0.625456,13.3921,1641
B,0.28,0.055,0.05,0.165,0.19,0.12,0.035,0.02,0.02,0.065,0.595,0.12,0.11,0.08,0.03,0.01,0.015,0.005,0.015,0.02,0.32,0.215,0.305,0.105,0.035,0.005,0.0,0.005,0.005,0.005,3.45334,-6.55466,-0.907929,41.3636,56.9697,37.2549,5.88308,8.51439,3.34066,0.518889,0.709869,0.318769,0.720339,0.842537,0.564596,0.516437,0.729962,0.728789,0.726836,0.724104,0.720598,0.716319,0.711274,0.705467,0.698904,0.691593,0.683541,0.674758,0.561326,0.79341,0.792136,0.790013,0.787044,0.783232,0.778582,0.773098,0.766786,0.759653,0.751707,0.742955,0.733408,0.481992,0.681275,0.680181,0.678358,0.675809,0.672536,0.668543,0.663834,0.658414,0.652289,0.645466,0.637951,0.629753,-0.18988,-0.299229,0.377454,0.0566358,-0.242569,0.328338,13.4491,1641
B,0.395,0.065,0.045,0.16,0.215,0.085,0.025,0.01,0.0,0.0,0.64,0.15,0.14,0.04,0.025,0.005,0.0,0.0,0.0,0.0,0.165,0.19,0.4,0.175,0.035,0.03,0.005,0.0,0.0,0.0,0.947739,-8.39896,0.583204,37.8,67.5,40.8333,5.22457,7.70332,2.56238,0.405077,0.608316,0.244821,0.636456,0.779946,0.494794,0.464946,0.657181,0.656125,0.654367,0.651908,0.648751,0.644899,0.640356,0.635128,0.62922,0.622638,0.615389,0.607481,0.528611,0.747169,0.745968,0.743969,0.741173,0.737584,0.733205,0.72804,0.722096,0.715379,0.707896,0.699654,0.690664,0.426269,0.602513,0.601545,0.599933,0.597678,0.594784,0.591252,0.587088,0.582295,0.576878,0.570843,0.564197,0.556948,-0.150452,-0.133279,0.148904,-0.0516054,-0.164861,0.375484,12.3455,1641
B,0.35,0.07,0.095,0.185,0.155,0.08,0.03,0.02,0.005,0.01,0.635,0.15,0.11,0.07,0.025,0.01,0.0,0.0,0.0,0.0,0.135,0.19,0.295,0.145,0.06,0.055,0.05,0.04,0.025,0.005,1.37339,-6.81468,2.32422,40.6522,49.4872,43.8636,5.07475,6.89488,4.15057,0.425729,0.565622,0.395556,0.652479,0.752078,0.628933,0.486831,0.688114,0.687008,0.685167,0.682592,0.679287,0.675253,0.670497,0.665023,0.658837,0.651945,0.644355,0.636075,0.53329,0.753782,0.752571,0.750554,0.747734,0.744112,0.739694,0.734484,0.728488,0.721711,0.714161,0.705847,0.696777,0.453583,0.641119,0.640089,0.638374,0.635975,0.632895,0.629137,0.624706,0.619605,0.613842,0.60742,0.600349,0.592634,-0.15972,0.260367,-0.0548096,-0.0208791,0.194412,0.275992,12.1308,1641
B,0.4,0.09,0.09,0.2,0.185,0.035,0.0,0.0,0.0,0.0,0.72,0.125,0.085,0.06,0.01,0.0,0.0,0.0,0.0,0.0,0.21,0.275,0.365,0.12,0.025,0.0,0.005,0.0,0.0,0.0,-0.0455317,-8.67812,-0.0973363,38.2353,66.2069,40.2083,4.66949,7.09727,2.09277,0.365863,0.569433,0.188479,0.604866,0.754608,0.434141,0.438447,0.619726,0.61873,0.617072,0.614753,0.611776,0.608143,0.60386,0.59893,0.593358,0.587151,0.580316,0.572859,0.510482,0.721544,0.720384,0.718454,0.715754,0.712288,0.708058,0.703071,0.697331,0.690844,0.683617,0.675659,0.666976,0.390804,0.552384,0.551497,0.550019,0.547952,0.545298,0.54206,0.538242,0.533848,0.528882,0.523349,0.517257,0.51061,0.0111479,-0.0628898,0.294571,0.00690649,-0.0632555,0.393994,11.7168,1641
B,0.395,0.07,0.105,0.175,0.18,0.065,0.01,0.0,0.0,0.0,0.7,0.125,0.125,0.04,0.01,0.0,0.0,0.0,0.0,0.0,0.19,0.315,0.37,0.1,0.015,0.01,0.0,0.0,0.0,0.0,0.294708,-8.3573,-0.0956124,39.2,52.5,37.1154,4.76725,6.95783,2.1668,0.376535,0.564866,0.19585,0.613624,0.751576,0.44255,0.443634,0.627057,0.62605,0.624372,0.622025,0.619013,0.615338,0.611003,0.606015,0.600378,0.594097,0.587181,0.579635,0.524381,0.741189,0.739999,0.738016,0.735242,0.731681,0.727337,0.722214,0.716318,0.709654,0.702231,0.694055,0.685137,0.409121,0.578274,0.577345,0.575798,0.573634,0.570856,0.567467,0.56347,0.558869,0.553671,0.547879,0.5415,0.534542,-0.0593801,-0.154018,0.308188,-0.0281686,-0.152436,0.410171,11.6135,1641
B,0.415,0.035,0.1,0.23,0.165,0.05,0.005,0.0,0.0,0.0,0.705,0.16,0.105,0.02,0.01,0.0,0.0,0.0,0.0,0.0,0.155,0.305,0.375,0.13,0.025,0.01,0.0,0.0,0.0,0.0,0.328658,-8.91299,0.202382,36.2264,58.4848,35.2727,4.50648,6.90405,2.06405,0.345894,0.553523,0.186652,0.588128,0.743991,0.432033,0.42862,0.605836,0.604863,0.603242,0.600975,0.598064,0.594513,0.590326,0.585506,0.580059,0.573992,0.567309,0.560019,0.509818,0.720605,0.719447,0.717519,0.714823,0.711361,0.707137,0.702156,0.696424,0.689945,0.682728,0.67478,0.666109,0.388519,0.549155,0.548272,0.546803,0.544748,0.54211,0.538891,0.535096,0.530727,0.52579,0.52029,0.514232,0.507625,-0.0647832,-0.0915574,0.179254,-0.0218939,-0.0971843,0.359734,11.6651,1641
B,0.34,0.12,0.095,0.19,0.165,0.04,0.035,0.01,0.0,0.005,0.65,0.165,0.11,0.06,0.01,0.005,0.0,0.0,0.0,0.0,0.15,0.215,0.265,0.125,0.075,0.04,0.04,0.035,0.045,0.01,0.846536,-6.90429,2.26731,36.9811,45.9524,44.5455,4.76076,6.43328,4.51545,0.388545,0.531445,0.432029,0.623334,0.729003,0.657289,0.472319,0.667602,0.66653,0.664743,0.662245,0.659038,0.655125,0.650511,0.6452,0.639198,0.632511,0.625147,0.617114,0.52629,0.743888,0.742692,0.740702,0.737919,0.734345,0.729985,0.724843,0.718925,0.712237,0.704787,0.696582,0.687631,0.477923,0.675523,0.674438,0.67263,0.670102,0.666857,0.662898,0.658229,0.652854,0.646781,0.640016,0.632564,0.624436,-0.0975074,0.276052,-0.00536767,0.00755795,0.24075,0.333127,11.8252,1641
B,0.43,0.11,0.13,0.175,0.13,0.025,0.0,0.0,0.0,0.0,0.75,0.145,0.105,0.0,0.0,0.0,0.0,0.0,0.0,0.0,0.305,0.325,0.265,0.09,0.01,0.005,0.0,0.0,0.0,0.0,-0.922025,-8.75995,-1.33294,36.8627,53.7143,43.1818,4.54741,6.56279,2.59156,0.366843,0.523059,0.231891,0.605676,0.723228,0.481551,0.447682,0.632779,0.631763,0.63007,0.627702,0.624662,0.620953,0.616579,0.611545,0.605856,0.599519,0.592539,0.584925,0.507375,0.717152,0.716,0.714081,0.711398,0.707953,0.703749,0.698792,0.693087,0.68664,0.679457,0.671547,0.662917,0.414798,0.586299,0.585357,0.583789,0.581595,0.578778,0.575342,0.571289,0.566625,0.561354,0.555482,0.549015,0.54196,0.210551,0.200806,0.652576,0.120994,0.14792,0.610496,11.5026,1641
C,0.035,0.03,0.1,0.12,0.16,0.165,0.165,0.14,0.06,0.025,0.655,0.225,0.095,0.025,0.0,0.0,0.0,0.0,0.0,0.0,0.3,0.375,0.245,0.06,0.015,0.005,0.0,0.0,0.0,0.0,7.94949,-4.61061,-1.48302,64.0,44.7619,44.7619,4.48796,3.45157,2.42618,0.387005,0.30329,0.227775,0.622097,0.550718,0.477258,0.480413,0.679042,0.677951,0.676134,0.673594,0.670331,0.666351,0.661658,0.656256,0.650151,0.64335,0.63586,0.627689,0.471474,0.666408,0.665337,0.663554,0.661061,0.657859,0.653953,0.649347,0.644046,0.638054,0.63138,0.624029,0.616011,0.433541,0.612791,0.611806,0.610167,0.607874,0.60493,0.601338,0.597103,0.592228,0.586718,0.580581,0.573822,0.566448,-0.669946,-0.548379,0.516557,-0.173166,-0.395887,0.340013,10.8209,1641
C,0.0,0.0,0.005,0.085,0.22,0.3,0.2,0.15,0.04,0.0,0.5,0.425,0.075,0.0,0.0,0.0,0.0,0.0,0.0,0.0,0.19,0.525,0.235,0.045,0.005,0.0,0.0,0.0,0.0,0.0,9.26622,-2.70144,-0.977313,61.6667,41.7391,57.3529,2.68019,1.63536,1.63567,0.231369,0.155789,0.154548,0.481008,0.394702,0.393126,0.438986,0.620487,0.61949,0.61783,0.615508,0.612527,0.608891,0.604602,0.599666,0.594087,0.587873,0.581029,0.573562,0.383965,0.542718,0.541846,0.540394,0.538363,0.535756,0.532575,0.528823,0.524506,0.519627,0.514191,0.508205,0.501674,0.363098,0.513224,0.512399,0.511026,0.509106,0.50664,0.503632,0.500085,0.496002,0.491388,0.486247,0.480586,0.474411,-0.775578,-0.546005,0.450912,-0.21311,-0.529985,0.233247,10.1281,1641
C,0.0,0.0,0.005,0.005,0.105,0.46,0.315,0.1,0.01,0.0,0.185,0.67,0.135,0.01,0.0,0.0,0.0,0.0,0.0,0.0,0.155,0.61,0.235,0.0,0.0,0.0,0.0,0.0,0.0,0.0,9.7612,-1.42259,-1.05674,53.2353,45.7143,59.0909,1.60666,1.02776,1.14837,0.146048,0.0927962,0.0991538,0.382162,0.304625,0.314887,0.407226,0.575596,0.574672,0.573131,0.570978,0.568212,0.564839,0.56086,0.556281,0.551106,0.545341,0.538993,0.532066,0.307077,0.434041,0.433343,0.432182,0.430558,0.428473,0.425929,0.422929,0.419476,0.415573,0.411226,0.406439,0.401216,0.288416,0.407664,0.407009,0.405918,0.404392,0.402434,0.400045,0.397227,0.393984,0.390319,0.386236,0.381739,0.376834,-0.72957,-0.660141,0.427876,-0.0746413,-0.431497,-0.026753,10.1076,1641
C,0.0,0.0,0.005,0.075,0.2,0.325,0.16,0.135,0.08,0.02,0.25,0.595,0.14,0.015,0.0,0.0,0.0,0.0,0.0,0.0,0.21,0.425,0.245,0.095,0.025,0.0,0.0,0.0,0.0,0.0,9.75395,-1.61173,-0.676853,48.9474,40.0,52.7778,2.96523,1.41383,2.03336,0.259792,0.137031,0.195234,0.509697,0.370177,0.441853,0.452077,0.638992,0.637965,0.636255,0.633864,0.630795,0.627049,0.622633,0.617549,0.611804,0.605405,0.598356,0.590668,0.358241,0.506358,0.505545,0.50419,0.502295,0.499862,0.496895,0.493395,0.489366,0.484814,0.479742,0.474157,0.468064,0.384016,0.54279,0.541918,0.540466,0.538435,0.535827,0.532646,0.528894,0.524576,0.519696,0.51426,0.508273,0.501741,-0.714062,-0.429421,0.28213,-0.426805,-0.603491,0.173936,10.391,1641
C,0.0,0.0,0.03,0.035,0.135,0.4,0.325,0.055,0.02,0.0,0.24,0.61,0.135,0.015,0.0,0.0,0.0,0.0,0.0,0.0,0.095,0.435,0.42,0.005,0.03,0.005,0.01,0.0,0.0,0.0,9.29211,-1.71606,-0.026432,46.25,46.5854,51.3514,2.04104,1.37641,1.46642,0.194878,0.138732,0.164663,0.44145,0.372468,0.405787,0.404099,0.571176,0.570258,0.56873,0.566593,0.563849,0.560501,0.556553,0.552009,0.546874,0.541153,0.534853,0.52798,0.346236,0.489389,0.488603,0.487293,0.485462,0.483111,0.480242,0.47686,0.472966,0.468567,0.463665,0.458267,0.452378,0.351545,0.496894,0.496096,0.494766,0.492907,0.49052,0.487607,0.484173,0.48022,0.475753,0.470776,0.465295,0.459316,-0.601024,-0.188339,-0.145113,0.140904,-0.62412,-0.202729,10.0547,1641
C,0.0,0.025,0.065,0.125,0.225,0.235,0.14,0.085,0.06,0.04,0.48,0.385,0.12,0.015,0.0,0.0,0.0,0.0,0.0,0.0,0.125,0.29,0.275,0.14,0.12,0.04,0.01,0.0,0.0,0.0,8.41972,-2.93833,1.04075,60.0,45.6098,52.4324,3.65353,2.24182,2.87095,0.326669,0.199173,0.266858,0.57155,0.446288,0.516583,0.454992,0.643112,0.642079,0.640358,0.637952,0.634862,0.631093,0.626647,0.621531,0.615749,0.609308,0.602215,0.594476,0.40397,0.570995,0.570077,0.56855,0.566413,0.56367,0.560323,0.556376,0.551834,0.546701,0.540982,0.534684,0.527813,0.416531,0.588748,0.587802,0.586227,0.584024,0.581195,0.577744,0.573675,0.568991,0.563698,0.557802,0.551308,0.544223,-0.592975,-0.057774,-0.477874,0.119875,-0.62719,-0.428658,10.4104,1641
C,0.0,0.0,0.0,0.02,0.2,0.38,0.28,0.105,0.015,0.0,0.305,0.585,0.095,0.015,0.0,0.0,0.0,0.0,0.0,0.0,0.31,0.475,0.215,0.0,0.0,0.0,0.0,0.0,0.0,0.0,9.48309,-1.9052,-1.57619,49.7297,42.8571,53.0556,1.93234,1.31529,1.57987,0.16621,0.137867,0.136301,0.407688,0.371304,0.36919,0.419261,0.592607,0.591655,0.59007,0.587852,0.585005,0.581532,0.577436,0.572721,0.567394,0.561458,0.554922,0.547791,0.374577,0.529448,0.528597,0.527181,0.5252,0.522656,0.519553,0.515893,0.511681,0.506922,0.501619,0.495779,0.489408,0.320529,0.453053,0.452326,0.451113,0.449418,0.447242,0.444586,0.441455,0.43785,0.433777,0.42924,0.424243,0.418791,-0.703951,-0.65035,0.454434,-0.148705,-0.192909,0.0217197,10.1569,1641
C,0.0,0.0,0.0,0.1,0.21,0.33,0.175,0.095,0.07,0.02,0.445,0.41,0.125,0.02,0.0,0.0,0.0,0.0,0.0,0.0,0.2,0.545,0.22,0.03,0.005,0.0,0.0,0.0,0.0,0.0,9.31588,-2.47636,-1.12195,56.3636,39.1667,50.8108,2.74006,1.89852,1.54311,0.24634,0.185527,0.14659,0.496327,0.430728,0.382871,0.451867,0.638695,0.637669,0.63596,0.63357,0.630502,0.626758,0.622343,0.617262,0.61152,0.605123,0.598079,0.590393,0.401479,0.567473,0.566561,0.565043,0.562919,0.560193,0.556867,0.552945,0.54843,0.543328,0.537645,0.531385,0.524557,0.361534,0.511013,0.510192,0.508825,0.506913,0.504458,0.501463,0.49793,0.493865,0.489271,0.484153,0.478516,0.472367,-0.67819,-0.62594,0.509596,-0.138528,-0.584745,0.285972,10.1876,1641
C,0.03,0.04,0.12,0.2,0.13,0.255,0.17,0.055,0.0,0.0,0.39,0.46,0.115,0.02,0.005,0.005,0.0,0.005,0.0,0.0,0.46,0.27,0.135,0.05,0.065,0.02,0.0,0.0,0.0,0.0,6.36445,-2.55957,-3.10252,57.3529,44.0909,51.8919,3.6777,2.44446,4.52204,0.312554,0.259436,0.390565,0.559066,0.509349,0.624952,0.427414,0.60413,0.60316,0.601544,0.599283,0.596381,0.59284,0.588664,0.583858,0.578427,0.572376,0.565712,0.558443,0.446997,0.63181,0.630795,0.629105,0.626741,0.623706,0.620002,0.615635,0.610609,0.604929,0.598601,0.591632,0.584029,0.449925,0.63595,0.634928,0.633226,0.630847,0.627792,0.624064,0.619668,0.614609,0.608892,0.602522,0.595508,0.587856,-0.406887,-0.284606,0.0511181,0.134765,0.236524,-0.32037,10.6448,1641
C,0.0,0.0,0.0,0.025,0.275,0.315,0.185,0.155,0.03,0.015,0.245,0.615,0.115,0.025,0.0,0.0,0.0,0.0,0.0,0.0,0.15,0.395,0.37,0.07,0.015,0.0,0.0,0.0,0.0,0.0,9.57695,-1.67033,-0.286035,59.0625,38.2353,57.8125,2.49523,1.44117,1.60591,0.216472,0.142067,0.145698,0.465265,0.376917,0.381704,0.443774,0.627256,0.626248,0.62457,0.622222,0.619209,0.615533,0.611197,0.606207,0.600568,0.594285,0.587367,0.579819,0.370039,0.523034,0.522194,0.520794,0.518837,0.516325,0.513259,0.509644,0.505483,0.500781,0.495542,0.489773,0.483479,0.345159,0.487867,0.487083,0.485778,0.483953,0.481609,0.478749,0.475377,0.471496,0.46711,0.462224,0.456842,0.450972,-0.666436,-0.262225,0.268937,-0.245574,-0.435201,0.237683,10.1027,1641
C,0.0,0.0,0.005,0.01,0.175,0.35,0.275,0.155,0.025,0.005,0.23,0.68,0.08,0.01,0.0,0.0,0.0,0.0,0.0,0.0,0.095,0.405,0.465,0.035,0.0,0.0,0.0,0.0,0.0,0.0,9.91048,-1.7854,-0.185132,61.2903,45.5814,57.5,2.1969,1.19058,1.39477,0.190276,0.121861,0.124423,0.436207,0.349086,0.352736,0.431057,0.609281,0.608302,0.606672,0.604392,0.601465,0.597894,0.593682,0.588835,0.583357,0.577255,0.570535,0.563203,0.348726,0.492909,0.492117,0.490798,0.488954,0.486586,0.483697,0.48029,0.476368,0.471937,0.467,0.461563,0.455632,0.319454,0.451535,0.45081,0.449601,0.447912,0.445743,0.443096,0.439975,0.436383,0.432324,0.427801,0.422821,0.417387,-0.774838,-0.199732,0.287673,-0.442264,-0.378951,0.307505,10.3374,1641
C,0.015,0.015,0.045,0.06,0.21,0.35,0.175,0.065,0.04,0.025,0.385,0.425,0.16,0.02,0.0,0.01,0.0,0.0,0.0,0.0,0.16,0.41,0.285,0.105,0.03,0.0,0.005,0.005,0.0,0.0,8.64546,-2.32033,-0.3239,52.2857,38.4314,47.8049,2.85449,2.35418,2.14575,0.276833,0.237109,0.225347,0.526149,0.486938,0.474707,0.460288,0.650597,0.649552,0.647811,0.645377,0.642251,0.638438,0.633941,0.628765,0.622916,0.6164,0.609224,0.601395,0.441628,0.624221,0.623218,0.621548,0.619212,0.616214,0.612555,0.60824,0.603274,0.597662,0.591411,0.584525,0.577014,0.417399,0.589975,0.589027,0.587448,0.585241,0.582406,0.578949,0.574871,0.570177,0.564873,0.558964,0.552457,0.545358,-0.522684,-0.225396,-0.301819,-0.0127742,-0.324771,-0.439252,10.23,1641
C,0.0,0.0,0.015,0.04,0.19,0.335,0.23,0.12,0.065,0.005,0.37,0.53,0.085,0.015,0.0,0.0,0.0,0.0,0.0,0.0,0.22,0.335,0.36,0.08,0.005,0.0,0.0,0.0,0.0,0.0,9.68196,-2.20091,-0.489878,52.5,37.8,56.7647,2.57514,1.47887,1.95676,0.230166,0.143613,0.17658,0.479756,0.378962,0.420214,0.448379,0.633765,0.632746,0.631051,0.628679,0.625635,0.62192,0.617539,0.612497,0.6068,0.600452,0.593462,0.585836,0.371454,0.525034,0.524191,0.522786,0.520821,0.518299,0.515222,0.511593,0.507416,0.502695,0.497437,0.491646,0.485328,0.378329,0.534751,0.533892,0.532461,0.53046,0.527891,0.524757,0.521061,0.516806,0.511999,0.506643,0.500745,0.49431,-0.743299,-0.297475,0.202626,-0.21612,-0.367787,0.091897,10.4206,1641
C,0.0,0.0,0.0,0.02,0.155,0.405,0.295,0.095,0.03,0.0,0.285,0.635,0.08,0.0,0.0,0.0,0.0,0.0,0.0,0.0,0.165,0.465,0.335,0.035,0.0,0.0,0.0,0.0,0.0,0.0,9.61259,-1.89385,-0.784915,52.3529,39.5918,57.3529,1.88821,1.119,1.44444,0.171869,0.108065,0.127795,0.414571,0.328732,0.357484,0.427074,0.60365,0.60268,0.601065,0.598806,0.595906,0.592368,0.588196,0.583393,0.577966,0.57192,0.565262,0.557999,0.331079,0.467965,0.467213,0.465961,0.46421,0.461962,0.459219,0.455985,0.452262,0.448055,0.443368,0.438206,0.432575,0.337252,0.476691,0.475925,0.47465,0.472866,0.470576,0.467782,0.464487,0.460695,0.456409,0.451635,0.446377,0.440641,-0.797516,-0.493549,0.420518,-0.279593,-0.477415,0.19185,10.0821,1641
C,0.0,0.025,0.005,0.045,0.27,0.265,0.21,0.1,0.065,0.015,0.605,0.34,0.045,0.005,0.0,0.0,0.0,0.005,0.0,0.0,0.16,0.545,0.26,0.01,0.01,0.005,0.01,0.0,0.0,0.0,9.17079,-3.13605,-0.961113,63.6667,43.6364,58.1818,2.93285,1.70096,1.66458,0.26515,0.18055,0.21135,0.514927,0.424912,0.459728,0.445624,0.62987,0.628858,0.627173,0.624816,0.62179,0.618099,0.613745,0.608734,0.603071,0.596763,0.589815,0.582236,0.402699,0.569197,0.568283,0.56676,0.56463,0.561895,0.558559,0.554625,0.550097,0.544979,0.539279,0.533,0.526151,0.397785,0.562251,0.561348,0.559844,0.55774,0.555039,0.551743,0.547857,0.543384,0.538329,0.532698,0.526496,0.519731,-0.741791,-0.242276,0.465519,-0.100459,0.113996,0.379542,10.5396,1641
C,0.0,0.075,0.05,0.035,0.105,0.355,0.255,0.11,0.01,0.005,0.205,0.61,0.105,0.07,0.0,0.01,0.0,0.0,0.0,0.0,0.035,0.43,0.31,0.045,0.045,0.11,0.025,0.0,0.0,0.0,8.38648,-1.34867,1.37638,55.5882,38.4,53.4286,2.96008,1.75527,2.83207,0.287536,0.185437,0.260502,0.536224,0.430624,0.510394,0.401326,0.567257,0.566345,0.564828,0.562705,0.55998,0.556655,0.552734,0.548221,0.543122,0.53744,0.531183,0.524358,0.385232,0.544508,0.543633,0.542176,0.540139,0.537523,0.534332,0.530568,0.526236,0.521341,0.515887,0.509881,0.503329,0.391478,0.553336,0.552448,0.550967,0.548896,0.546238,0.542995,0.53917,0.534768,0.529794,0.524252,0.518148,0.51149,-0.64112,-0.0023494,0.176976,-0.591778,-0.776271,0.404577,10.2732,1641
C,0.0,0.0,0.0,0.115,0.19,0.335,0.165,0.095,0.07,0.03,0.39,0.44,0.16,0.01,0.0,0.0,0.0,0.0,0.0,0.0,0.15,0.415,0.31,0.085,0.01,0.03,0.0,0.0,0.0,0.0,9.48536,-2.24953,-0.309965,51.0526,44.4186,49.7368,2.90128,1.90235,2.24952,0.262833,0.180396,0.225463,0.512672,0.42473,0.47483,0.450994,0.63746,0.636436,0.63473,0.632345,0.629282,0.625546,0.62114,0.616069,0.610338,0.603953,0.596922,0.589252,0.395365,0.558832,0.557934,0.556439,0.554348,0.551663,0.548388,0.544525,0.540079,0.535055,0.529458,0.523294,0.51657,0.421812,0.596213,0.595255,0.59366,0.591429,0.588565,0.58507,0.580949,0.576206,0.570846,0.564875,0.558298,0.551124,-0.678786,-0.250048,0.263853,-0.230231,-0.44049,0.267716,10.514,1641
C,0.015,0.01,0.085,0.175,0.19,0.32,0.12,0.075,0.01,0.0,0.635,0.28,0.065,0.02,0.0,0.0,0.0,0.0,0.0,0.0,0.04,0.19,0.29,0.14,0.145,0.135,0.055,0.005,0.0,0.0,7.16736,-3.18057,3.17272,47.4359,33.6842,45.7143,2.91976,1.86337,3.4325,0.262455,0.177468,0.282002,0.512304,0.42127,0.531038,0.431186,0.609462,0.608483,0.606852,0.604572,0.601644,0.598072,0.593859,0.589011,0.583531,0.577427,0.570705,0.563371,0.379603,0.536552,0.53569,0.534254,0.532247,0.529669,0.526524,0.522815,0.518547,0.513723,0.508349,0.502431,0.495975,0.348936,0.493205,0.492413,0.491093,0.489248,0.486878,0.483988,0.480579,0.476655,0.472221,0.467281,0.461841,0.455906,-0.702026,0.276413,-0.552405,-0.0172985,-0.768127,-0.131348,10.1529,1641
D,0.305,0.465,0.05,0.035,0.07,0.05,0.02,0.005,0.0,0.0,0.69,0.075,0.15,0.08,0.0,0.005,0.0,0.0,0.0,0.0,0.24,0.08,0.045,0.215,0.075,0.315,0.02,0.01,0.0,0.0,-0.384744,-5.02052,3.28424,36.7308,36.4815,39.1667,2.95697,4.15562,4.39717,0.291417,0.328858,0.357018,0.53983,0.573461,0.59751,0.358774,0.507111,0.506296,0.504939,0.503042,0.500606,0.497633,0.494128,0.490094,0.485535,0.480456,0.474862,0.46876,0.367287,0.519144,0.51831,0.516921,0.514978,0.512484,0.509441,0.505853,0.501723,0.497056,0.491856,0.48613,0.479883,0.387914,0.5483,0.547419,0.545952,0.5439,0.541266,0.538053,0.534263,0.529901,0.524971,0.51948,0.513432,0.506834,-0.180462,-0.344222,-0.0330057,-0.367484,-0.351698,0.644251,9.92482,1641
D,0.21,0.015,0.775,0.0,0.0,0.0,0.0,0.0,0.0,0.0,0.805,0.065,0.115,0.015,0.0,0.0,0.0,0.0,0.0,0.0,0.0,0.0,0.0,0.0,0.0,0.97,0.03,0.0,0.0,0.0,-0.492619,-2.9137,8.83788,28.6765,30.1538,30.0,1.72446,1.4375,0.256199,0.150658,0.138305,0.0296941,0.388146,0.371894,0.17232,0.217668,0.307664,0.30717,0.306347,0.305196,0.303717,0.301914,0.299788,0.29734,0.294574,0.291493,0.288099,0.284397,0.270454,0.382275,0.381661,0.380638,0.379208,0.377371,0.375131,0.372489,0.369447,0.366011,0.362182,0.357965,0.353365,0.332839,0.470453,0.469698,0.468439,0.466679,0.464418,0.461661,0.458409,0.454667,0.450437,0.445725,0.440536,0.434875,-0.299805,-0.196691,-0.846984,-0.896528,0.612461,-0.666988,9.76216,1641
D,0.145,0.75,0.105,0.0,0.0,0.0,0.0,0.0,0.0,0.0,0.86,0.025,0.065,0.05,0.0,0.0,0.0,0.0,0.0,0.0,0.0,0.0,0.0,0.005,0.135,0.83,0.03,0.0,0.0,0.0,-0.788111,-4.4106,8.14976,30.9677,30.9836,28.9552,0.729249,1.8573,0.547823,0.0724683,0.187694,0.0639717,0.269199,0.433236,0.252926,0.19841,0.280443,0.279993,0.279242,0.278193,0.276846,0.275202,0.273264,0.271033,0.268511,0.265703,0.262609,0.259235,0.300591,0.424872,0.42419,0.423053,0.421463,0.419422,0.416932,0.413995,0.410615,0.406795,0.40254,0.397853,0.392741,0.342468,0.484064,0.483287,0.481991,0.48018,0.477855,0.475017,0.471672,0.467821,0.463469,0.458621,0.453281,0.447457,0.675471,-0.547246,-0.810331,0.374716,0.670322,0.724933,9.7605,1641
D,0.0,0.0,1.0,0.0,0.0,0.0,0.0,0.0,0.0,0.0,0.0,0.655,0.27,0.075,0.0,0.0,0.0,0.0,0.0,0.0,0.0,0.0,0.0,0.0,0.0,0.985,0.015,0.0,0.0,0.0,1.40887,0.297037,9.61341,25.7333,26.6667,27.971,0.0861488,0.59027,0.108199,0.0113499,0.0660261,0.0155383,0.106536,0.256955,0.124653,0.0943186,0.133315,0.133101,0.132744,0.132246,0.131605,0.130824,0.129902,0.128842,0.127643,0.126308,0.124837,0.123233,0.179803,0.254144,0.253735,0.253055,0.252104,0.250884,0.249394,0.247637,0.245615,0.243331,0.240785,0.237982,0.234924,0.339128,0.479343,0.478573,0.47729,0.475497,0.473194,0.470384,0.467071,0.463258,0.458948,0.454147,0.44886,0.443092,0.265301,0.994559,0.287931,-0.332747,0.481708,-0.6949,9.76791,1641
D,0.0,0.0,1.0,0.0,0.0,0.0,0.0,0.0,0.0,0.0,0.0,0.93,0.07,0.0,0.0,0.0,0.0,0.0,0.0,0.0,0.0,0.0,0.0,0.0,0.0,1.0,0.0,0.0,0.0,0.0,1.42145,-0.17856,9.65777,26.0811,24.625,30.7812,0.0355678,0.0890886,0.0350813,0.00364156,0.00790285,0.00324029,0.0603454,0.088898,0.0569236,0.0722691,0.102149,0.101985,0.101712,0.10133,0.100839,0.10024,0.0995341,0.0987214,0.0978031,0.09678,0.0956533,0.0944242,-0.0711199,-0.100525,-0.100363,-0.100094,-0.0997182,-0.0992353,-0.0986461,-0.0979513,-0.0971516,-0.0962478,-0.095241,-0.0941322,-0.0929226,0.341164,0.482221,0.481446,0.480156,0.478351,0.476035,0.473208,0.469875,0.466039,0.461703,0.456874,0.451555,0.445752,-0.852731,0.999312,-0.847559,-0.293471,-0.12219,0.0319931,9.76423,1641
D,0.38,0.46,0.16,0.0,0.0,0.0,0.0,0.0,0.0,0.0,0.0,0.12,0.02,0.83,0.03,0.0,0.0,0.0,0.0,0.0,0.0,0.0,0.0,0.0,0.005,0.965,0.03,0.0,0.0,0.0,-1.82442,3.15776,8.86511,30.625,30.9524,32.7586,1.05217,1.02194,0.460518,0.104076,0.108793,0.0390927,0.322608,0.329837,0.197719,0.194306,0.274643,0.274202,0.273467,0.272439,0.27112,0.26951,0.267612,0.265427,0.262958,0.260207,0.257178,0.253873,0.231393,0.327064,0.326538,0.325663,0.32444,0.322868,0.320951,0.318691,0.316089,0.313148,0.309873,0.306265,0.30233,0.34459,0.487062,0.48628,0.484977,0.483154,0.480814,0.47796,0.474593,0.470718,0.466339,0.461461,0.456089,0.450228,-0.93693,-0.748915,0.87641,-0.8627,0.713244,-0.763643,9.83066,1641
D,0.0,0.6,0.4,0.0,0.0,0.0,0.0,0.0,0.0,0.0,0.0,0.005,0.94,0.055,0.0,0.0,0.0,0.0,0.0,0.0,0.0,0.0,0.0,0.0,0.0,0.98,0.02,0.0,0.0,0.0,-0.104363,1.73665,9.62214,28.2609,36.5385,28.1429,0.241735,0.326565,0.127583,0.0310889,0.0342252,0.0138891,0.176321,0.185001,0.117852,0.131931,0.186479,0.186179,0.18568,0.184982,0.184086,0.182993,0.181704,0.180221,0.178544,0.176677,0.17462,0.172376,0.176647,0.249683,0.249282,0.248614,0.24768,0.24648,0.245017,0.243291,0.241305,0.23906,0.236559,0.233805,0.230801,0.339112,0.479321,0.478551,0.477268,0.475475,0.473172,0.470362,0.467049,0.463236,0.458927,0.454126,0.448839,0.443072,-0.409804,-0.218261,0.960091,-0.717142,0.636729,-0.546624,9.8008,1641
D,0.0,0.245,0.755,0.0,0.0,0.0,0.0,0.0,0.0,0.0,0.005,0.05,0.94,0.005,0.0,0.0,0.0,0.0,0.0,0.0,0.0,0.0,0.0,0.0,0.0,0.975,0.025,0.0,0.0,0.0,0.0773926,0.830776,9.74395,28.5507,36.2963,26.1333,0.137667,0.382428,0.110391,0.0229263,0.0547456,0.0179324,0.151414,0.233978,0.133912,0.122601,0.173291,0.173012,0.172549,0.1719,0.171068,0.170052,0.168854,0.167476,0.165918,0.164182,0.162271,0.160185,0.222035,0.313837,0.313333,0.312493,0.311319,0.309811,0.307972,0.305803,0.303306,0.300485,0.297341,0.29388,0.290103,0.347916,0.491765,0.490975,0.489659,0.487819,0.485456,0.482574,0.479175,0.475263,0.470842,0.465916,0.460492,0.454575,0.11208,0.249479,0.727862,-0.0871205,0.686848,-0.195038,9.81538,1641
D,0.005,0.25,0.745,0.0,0.0,0.0,0.0,0.0,0.0,0.0,0.28,0.235,0.455,0.03,0.0,0.0,0.0,0.0,0.0,0.0,0.0,0.0,0.0,0.22,0.035,0.695,0.05,0.0,0.0,0.0,0.0981742,-1.77977,8.30595,28.9552,32.8333,31.4516,0.291804,3.67126,2.01767,0.0346307,0.302003,0.165884,0.186093,0.549548,0.407288,0.156923,0.221804,0.221447,0.220854,0.220024,0.218959,0.217658,0.216125,0.214361,0.212367,0.210145,0.207699,0.20503,0.336897,0.476189,0.475424,0.47415,0.472368,0.470081,0.46729,0.463998,0.46021,0.455929,0.451159,0.445907,0.440177,0.361704,0.511253,0.510432,0.509064,0.507151,0.504695,0.501698,0.498165,0.494097,0.489501,0.484381,0.478741,0.47259,0.0555361,0.231975,-0.132908,0.144895,0.160702,0.945658,9.79613,1641
D,0.0,0.03,0.97,0.0,0.0,0.0,0.0,0.0,0.0,0.0,0.0,0.135,0.865,0.0,0.0,0.0,0.0,0.0,0.0,0.0,0.0,0.0,0.0,0.0,0.0,0.995,0.005,0.0,0.0,0.0,0.189298,1.2403,9.65792,26.0,29.2308,28.9394,0.170105,0.676441,0.0528707,0.015365,0.0636525,0.00521259,0.123956,0.252294,0.0721982,-0.0159539,-0.0225501,-0.0225139,-0.0224536,-0.0223692,-0.0222608,-0.0221287,-0.0219728,-0.0217934,-0.0215907,-0.0213648,-0.0211161,-0.0208448,0.134935,0.190724,0.190418,0.189907,0.189194,0.188277,0.18716,0.185841,0.184324,0.182609,0.180699,0.178595,0.1763,0.341464,0.482644,0.481869,0.480577,0.478771,0.476453,0.473624,0.470288,0.466448,0.462109,0.457275,0.451951,0.446144,0.150983,0.658562,0.80792,-0.85941,0.298605,-0.305192,9.78304,1641
D,0.0,0.005,0.995,0.0,0.0,0.0,0.0,0.0,0.0,0.0,0.0,0.0,1.0,0.0,0.0,0.0,0.0,0.0,0.0,0.0,0.0,0.0,0.0,0.0,0.0,0.98,0.02,0.0,0.0,0.0,0.548033,0.670891,9.74459,29.8462,30.3077,29.8462,0.0702501,0.10001,0.0724406,0.00821542,0.011119,0.0107147,0.0906389,0.105447,0.103512,0.0163301,0.023082,0.0230449,0.0229831,0.0228967,0.0227859,0.0226506,0.022491,0.0223074,0.0220999,0.0218687,0.0216141,0.0213364,0.0454153,0.0641926,0.0640895,0.0639177,0.0636775,0.0633691,0.0629929,0.0625492,0.0620385,0.0614614,0.0608185,0.0601104,0.059338,0.344196,0.486506,0.485724,0.484422,0.482602,0.480265,0.477413,0.474051,0.47018,0.465806,0.460934,0.455568,0.449713,0.950297,0.977068,0.974105,-0.0453937,-0.332237,0.171468,9.78495,1641
D,0.0,0.005,0.995,0.0,0.0,0.0,0.0,0.0,0.0,0.0,0.02,0.075,0.905,0.0,0.0,0.0,0.0,0.0,0.0,0.0,0.0,0.0,0.0,0.0,0.0,0.99,0.01,0.0,0.0,0.0,0.604919,0.574309,9.71952,31.1111,30.3077,28.4058,0.136023,0.346621,0.0629981,0.0148455,0.0522464,0.00783772,0.121842,0.228575,0.0885309,0.031315,0.0442623,0.0441912,0.0440728,0.0439072,0.0436945,0.0434351,0.0431292,0.042777,0.0423791,0.0419358,0.0414476,0.040915,0.207475,0.293257,0.292786,0.292001,0.290904,0.289495,0.287776,0.285749,0.283416,0.280779,0.277842,0.274608,0.271079,0.340797,0.481702,0.480928,0.479639,0.477837,0.475523,0.472699,0.46937,0.465538,0.461207,0.456382,0.451069,0.445273,0.650603,0.944616,0.613697,0.273627,-0.011326,0.00489777,9.78532,1641
D,0.0,0.0,1.0,0.0,0.0,0.0,0.0,0.0,0.0,0.0,0.01,0.695,0.295,0.0,0.0,0.0,0.0,0.0,0.0,0.0,0.0,0.0,0.0,0.0,0.0,0.99,0.01,0.0,0.0,0.0,0.502591,-0.313724,9.72099,27.9412,29.1045,27.4286,0.260415,0.499612,0.0752987,0.0229023,0.0456377,0.00729034,0.151335,0.21363,0.0853835,0.0132893,0.0187838,0.0187537,0.0187034,0.0186331,0.0185429,0.0184328,0.018303,0.0181535,0.0179847,0.0177965,0.0175893,0.0173633,0.16265,0.229899,0.22953,0.228915,0.228055,0.22695,0.225603,0.224014,0.222185,0.220118,0.217815,0.215279,0.212513,0.341416,0.482576,0.481801,0.48051,0.478704,0.476385,0.473557,0.470221,0.466382,0.462044,0.457211,0.451888,0.446081,-0.35003,0.839158,-0.435147,0.0358069,-0.238369,0.20966,9.76584,1641
D,0.0,0.05,0.95,0.0,0.0,0.0,0.0,0.0,0.0,0.0,0.0,0.945,0.055,0.0,0.0,0.0,0.0,0.0,0.0,0.0,0.0,0.0,0.0,0.0,0.0,1.0,0.0,0.0,0.0,0.0,0.076794,-0.173376,9.76835,28.2609,27.0,30.4762,0.0366145,0.0938585,0.0312297,0.00343135,0.00873941,0.00278233,0.0585777,0.0934848,0.0527478,-0.168239,-0.237798,-0.237416,-0.23678,-0.23589,-0.234747,-0.233354,-0.23171,-0.229818,-0.22768,-0.225299,-0.222676,-0.219814,-0.0333338,-0.0471159,-0.0470402,-0.0469142,-0.0467379,-0.0465115,-0.0462354,-0.0459097,-0.0455349,-0.0451113,-0.0446394,-0.0441197,-0.0435528,0.342681,0.484364,0.483586,0.48229,0.480477,0.478151,0.475312,0.471964,0.46811,0.463756,0.458905,0.453562,0.447734,-0.491176,0.845698,-0.814218,0.635916,0.158299,0.0236352,9.77109,1641
D,0.0,0.675,0.32,0.005,0.0,0.0,0.0,0.0,0.0,0.0,0.0,0.13,0.715,0.145,0.01,0.0,0.0,0.0,0.0,0.0,0.0,0.0,0.0,0.0,0.005,0.95,0.045,0.0,0.0,0.0,-0.179577,1.39847,9.60569,30.0,32.2951,30.1538,0.340574,1.03619,0.212159,0.0351281,0.0944685,0.0258565,0.187425,0.307357,0.1608,0.162206,0.229271,0.228903,0.22829,0.227432,0.22633,0.224986,0.223402,0.221578,0.219516,0.21722,0.214691,0.211933,0.205394,0.290315,0.289848,0.289072,0.287985,0.286591,0.284889,0.282882,0.280573,0.277963,0.275055,0.271853,0.26836,0.345329,0.488108,0.487324,0.486018,0.484191,0.481846,0.478985,0.475612,0.471729,0.46734,0.462452,0.457068,0.451194,-0.168201,-0.335398,0.707674,0.119465,0.120343,-0.566158,9.81632,1641
D,0.0,0.0,1.0,0.0,0.0,0.0,0.0,0.0,0.0,0.0,0.0,0.0,0.995,0.005,0.0,0.0,0.0,0.0,0.0,0.0,0.0,0.0,0.0,0.0,0.0,0.985,0.015,0.0,0.0,0.0,0.400646,1.59387,9.63791,30.1538,31.8033,26.5753,0.0940302,0.128049,0.0824041,0.00930277,0.0150161,0.0124139,0.0964509,0.12254,0.111418,-0.0203532,-0.0287683,-0.0287221,-0.0286451,-0.0285375,-0.0283992,-0.0282306,-0.0280318,-0.0278029,-0.0275443,-0.0272562,-0.0269388,-0.0265927,0.113024,0.159755,0.159498,0.159071,0.158473,0.157706,0.156769,0.155665,0.154394,0.152958,0.151358,0.149596,0.147674,0.341439,0.482609,0.481833,0.480542,0.478736,0.476418,0.473589,0.470253,0.466414,0.462075,0.457241,0.451918,0.446111,0.951906,0.949804,0.989995,0.246108,-0.0221459,-0.449452,9.78051,1641
D,0.0,0.005,0.995,0.0,0.0,0.0,0.0,0.0,0.0,0.0,0.0,0.0,1.0,0.0,0.0,0.0,0.0,0.0,0.0,0.0,0.0,0.0,0.0,0.0,0.0,1.0,0.0,0.0,0.0,0.0,0.448195,1.60441,9.63542,31.4516,31.2903,32.8814,0.0327443,0.0389058,0.0340308,0.00469337,0.00575675,0.00299437,0.0685081,0.0758732,0.0547209,-0.0487297,-0.0688774,-0.0687667,-0.0685824,-0.0683247,-0.0679938,-0.0675901,-0.067114,-0.0665661,-0.0659468,-0.065257,-0.0644973,-0.0636685,0.0901567,0.127433,0.127228,0.126887,0.12641,0.125798,0.125051,0.12417,0.123156,0.122011,0.120734,0.119329,0.117795,0.340965,0.48194,0.481166,0.479876,0.478073,0.475757,0.472933,0.469601,0.465767,0.461435,0.456608,0.451292,0.445493,0.990101,0.989218,0.998668,0.291009,0.0252234,-0.169031,9.77893,1641
D,0.0,0.18,0.82,0.0,0.0,0.0,0.0,0.0,0.0,0.0,0.0,0.13,0.795,0.075,0.0,0.0,0.0,0.0,0.0,0.0,0.0,0.0,0.0,0.0,0.0,0.96,0.04,0.0,0.0,0.0,0.379756,1.3656,9.62412,28.9706,30.3125,25.6579,0.343015,0.650025,0.127044,0.0376016,0.0705837,0.0157113,0.193911,0.265676,0.125345,0.13516,0.191043,0.190736,0.190225,0.18951,0.188592,0.187472,0.186152,0.184632,0.182914,0.181001,0.178894,0.176595,0.237123,0.335163,0.334624,0.333727,0.332473,0.330863,0.328899,0.326582,0.323916,0.320903,0.317546,0.313849,0.309816,0.341575,0.482801,0.482026,0.480734,0.478927,0.476608,0.473778,0.470441,0.4666,0.46226,0.457424,0.452099,0.446289,0.267272,0.584911,0.804601,-0.42044,0.20797,-0.183624,9.79342,1641
E,0.0,0.11,0.035,0.015,0.185,0.65,0.005,0.0,0.0,0.0,0.71,0.105,0.065,0.11,0.01,0.0,0.0,0.0,0.0,0.0,0.0,0.205,0.455,0.075,0.08,0.185,0.0,0.0,0.0,0.0,6.98506,-2.58798,2.71814,36.1111,35.3704,44.186,2.35032,2.44674,2.93521,0.224172,0.229398,0.246521,0.473468,0.478955,0.496508,0.302923,0.428168,0.42748,0.426334,0.424732,0.422675,0.420166,0.417206,0.4138,0.409951,0.405662,0.40094,0.395787,0.3328,0.470398,0.469642,0.468384,0.466623,0.464364,0.461607,0.458355,0.454613,0.450384,0.445673,0.440484,0.434824,0.325815,0.460525,0.459786,0.458553,0.45683,0.454618,0.451919,0.448735,0.445072,0.440931,0.436319,0.431239,0.425698,-0.836233,0.301222,0.128086,-0.830663,-0.793638,0.829718,9.76101,1641
E,0.0,0.0,0.0,0.0,0.06,0.94,0.0,0.0,0.0,0.0,0.99,0.01,0.0,0.0,0.0,0.0,0.0,0.0,0.0,0.0,0.0,0.505,0.055,0.435,0.005,0.0,0.0,0.0,0.0,0.0,8.38311,-4.11713,0.685454,35.0,31.2903,34.7273,0.316174,0.634021,2.33373,0.0379422,0.0592284,0.169479,0.194787,0.243369,0.411678,0.328516,0.464343,0.463597,0.462355,0.460617,0.458386,0.455665,0.452455,0.448761,0.444587,0.439936,0.434814,0.429227,0.24069,0.340205,0.339658,0.338748,0.337475,0.33584,0.333846,0.331495,0.328788,0.32573,0.322323,0.31857,0.314476,0.210291,0.297236,0.296759,0.295964,0.294851,0.293423,0.291681,0.289627,0.287262,0.28459,0.281613,0.278334,0.274758,-0.970258,0.258171,-0.188915,0.60204,-0.2643,0.420132,9.71515,1641
E,0.0,0.0,0.0,0.0,0.0,1.0,0.0,0.0,0.0,0.0,1.0,0.0,0.0,0.0,0.0,0.0,0.0,0.0,0.0,0.0,0.0,0.0,0.185,0.815,0.0,0.0,0.0,0.0,0.0,0.0,8.77589,-3.15855,2.69722,32.5,36.5385,32.1667,0.105904,0.190473,0.168808,0.00951062,0.0178308,0.0142269,0.0975224,0.133532,0.119276,0.327808,0.463342,0.462598,0.461358,0.459624,0.457398,0.454682,0.45148,0.447794,0.443628,0.438988,0.433877,0.428301,0.191787,0.271083,0.270648,0.269922,0.268908,0.267606,0.266017,0.264143,0.261987,0.259549,0.256834,0.253844,0.250582,0.172921,0.244416,0.244024,0.24337,0.242455,0.241281,0.239848,0.238159,0.236215,0.234017,0.231569,0.228873,0.225932,-0.995966,0.996382,-0.996528,0.610702,-0.640701,-0.415805,9.71505,1641
E,0.0,0.0,0.0,0.0,0.0,1.0,0.0,0.0,0.0,0.0,1.0,0.0,0.0,0.0,0.0,0.0,0.0,0.0,0.0,0.0,0.0,0.0,0.01,0.99,0.0,0.0,0.0,0.0,0.0,0.0,8.70207,-3.4161,2.67911,28.5075,31.4516,28.3824,0.0418309,0.0547417,0.0462005,0.00361113,0.0051007,0.00416051,0.0600927,0.0714192,0.064502,0.326111,0.460944,0.460204,0.458971,0.457246,0.455031,0.45233,0.449144,0.445477,0.441333,0.436716,0.431632,0.426085,0.192701,0.272375,0.271937,0.271208,0.270189,0.268881,0.267284,0.265401,0.263235,0.260786,0.258058,0.255054,0.251776,0.155183,0.219344,0.218992,0.218405,0.217584,0.21653,0.215245,0.213729,0.211984,0.210012,0.207815,0.205395,0.202756,-0.999761,0.999691,-0.999652,-0.00888616,-0.390697,-0.249676,9.72533,1641
E,0.0,0.0,0.0,0.0,0.0,1.0,0.0,0.0,0.0,0.0,0.21,0.79,0.0,0.0,0.0,0.0,0.0,0.0,0.0,0.0,0.0,0.0,0.58,0.42,0.0,0.0,0.0,0.0,0.0,0.0,9.17805,-2.02577,2.48446,32.5424,35.5556,30.7937,0.165075,0.515586,0.200445,0.0159035,0.0457936,0.0210856,0.126109,0.213994,0.145209,0.330792,0.46756,0.466809,0.465558,0.463808,0.461562,0.458821,0.45559,0.45187,0.447666,0.442984,0.437826,0.4322,0.198121,0.280036,0.279586,0.278837,0.277789,0.276444,0.274802,0.272867,0.270639,0.268121,0.265316,0.262228,0.258858,0.173266,0.244904,0.24451,0.243855,0.242939,0.241762,0.240327,0.238634,0.236686,0.234484,0.232031,0.22933,0.226383,-0.946297,0.990885,-0.955567,0.794542,-0.579219,-0.271289,9.74998,1641
E,0.0,0.0,0.0,0.0,0.0,1.0,0.0,0.0,0.0,0.0,0.085,0.915,0.0,0.0,0.0,0.0,0.0,0.0,0.0,0.0,0.0,0.0,0.335,0.665,0.0,0.0,0.0,0.0,0.0,0.0,9.17247,-2.16019,2.451,30.1562,34.4444,31.1475,0.119822,0.21585,0.290095,0.0105319,0.0207831,0.0245573,0.102625,0.144164,0.156708,0.335006,0.473516,0.472755,0.471488,0.469716,0.467442,0.464666,0.461393,0.457626,0.453369,0.448627,0.443404,0.437706,0.151013,0.21345,0.213107,0.212536,0.211737,0.210712,0.209461,0.207986,0.206287,0.204368,0.202231,0.199876,0.197308,0.149906,0.211885,0.211545,0.210978,0.210185,0.209167,0.207925,0.206461,0.204775,0.20287,0.200748,0.198411,0.195861,-0.989477,0.988185,-0.991891,0.57681,-0.788013,-0.572058,9.7483,1641
E,0.0,0.0,0.0,0.0,0.0,1.0,0.0,0.0,0.0,0.0,0.0,1.0,0.0,0.0,0.0,0.0,0.0,0.0,0.0,0.0,0.0,0.0,1.0,0.0,0.0,0.0,0.0,0.0,0.0,0.0,9.24253,-2.15281,2.18761,30.6349,31.2698,32.069,0.0459448,0.108154,0.0639885,0.00437979,0.0101419,0.00622497,0.06618,0.100707,0.0788985,0.335072,0.47361,0.472849,0.471582,0.46981,0.467535,0.464759,0.461485,0.457717,0.453459,0.448716,0.443492,0.437793,0.12556,0.177474,0.177189,0.176714,0.17605,0.175197,0.174157,0.17293,0.171518,0.169923,0.168145,0.166188,0.164052,0.127654,0.180433,0.180144,0.179661,0.178986,0.178119,0.177061,0.175814,0.174379,0.172756,0.170949,0.168959,0.166788,-0.997494,0.999026,-0.998926,0.610384,-0.531657,-0.727753,9.74036,1641
E,0.0,0.0,0.0,0.0,0.0,1.0,0.0,0.0,0.0,0.0,0.105,0.895,0.0,0.0,0.0,0.0,0.0,0.0,0.0,0.0,0.0,0.0,0.995,0.005,0.0,0.0,0.0,0.0,0.0,0.0,9.29895,-2.11492,1.94169,34.2105,34.4444,31.7742,0.0538235,0.223957,0.306041,0.00542818,0.0230189,0.0283678,0.0736762,0.15172,0.168428,0.33654,0.475684,0.47492,0.473647,0.471867,0.469582,0.466794,0.463506,0.459722,0.455445,0.450681,0.445434,0.43971,0.155137,0.219279,0.218927,0.21834,0.217519,0.216466,0.215181,0.213665,0.211921,0.209949,0.207753,0.205334,0.202696,0.13666,0.193163,0.192852,0.192335,0.191613,0.190685,0.189552,0.188217,0.186681,0.184944,0.183009,0.180879,0.178555,-0.987781,0.978436,-0.960118,0.433934,-0.506569,0.253322,9.74591,1641
E,0.0,0.0,0.0,0.0,0.0,1.0,0.0,0.0,0.0,0.0,0.015,0.985,0.0,0.0,0.0,0.0,0.0,0.0,0.0,0.0,0.0,0.0,0.895,0.105,0.0,0.0,0.0,0.0,0.0,0.0,9.38846,-1.62703,1.98847,27.6812,37.8,32.7119,0.127906,0.319316,0.312298,0.0109394,0.0275646,0.0262974,0.104592,0.166026,0.162165,0.338502,0.478458,0.47769,0.476409,0.474619,0.472321,0.469516,0.466209,0.462403,0.458101,0.453309,0.448032,0.442275,0.135807,0.191958,0.191649,0.191136,0.190417,0.189495,0.18837,0.187043,0.185516,0.18379,0.181868,0.179751,0.177441,0.118949,0.16813,0.16786,0.16741,0.166781,0.165973,0.164987,0.163825,0.162488,0.160976,0.159292,0.157438,0.155415,-0.969661,0.980403,-0.984554,0.699275,-0.798615,-0.668891,9.74945,1641
E,0.0,0.0,0.0,0.0,0.0,1.0,0.0,0.0,0.0,0.0,0.0,1.0,0.0,0.0,0.0,0.0,0.0,0.0,0.0,0.0,0.0,0.0,1.0,0.0,0.0,0.0,0.0,0.0,0.0,0.0,9.5772,-0.920487,1.62714,27.4648,29.8485,30.3175,0.0390811,0.101603,0.0724059,0.00362549,0.00921278,0.00628122,0.0602121,0.0959833,0.0792541,0.339644,0.480072,0.4793,0.478016,0.47622,0.473913,0.471099,0.467781,0.463962,0.459646,0.454838,0.449543,0.443766,0.0420342,0.0594135,0.0593181,0.0591591,0.0589368,0.0586513,0.0583031,0.0578924,0.0574198,0.0568856,0.0562906,0.0556352,0.0549203,0.0899907,0.127198,0.126994,0.126653,0.126177,0.125566,0.124821,0.123942,0.12293,0.121786,0.120512,0.119109,0.117579,-0.990047,0.998377,-0.992735,0.0929867,-0.417637,-0.533597,9.75924,1641
E,0.0,0.0,0.0,0.0,0.0,1.0,0.0,0.0,0.0,0.0,0.0,1.0,0.0,0.0,0.0,0.0,0.0,0.0,0.0,0.0,0.0,0.0,1.0,0.0,0.0,0.0,0.0,0.0,0.0,0.0,9.60754,-0.843753,1.53149,27.8571,29.3939,30.6349,0.0390302,0.0658923,0.0687615,0.00359509,0.00574078,0.00597027,0.0599591,0.075768,0.0772675,0.340397,0.481136,0.480363,0.479076,0.477275,0.474964,0.472144,0.468818,0.464991,0.460665,0.455846,0.450539,0.44475,0.00341383,0.0048253,0.00481755,0.00480464,0.00478658,0.0047634,0.00473512,0.00470176,0.00466338,0.00462,0.00457167,0.00451845,0.00446038,0.0804217,0.113673,0.11349,0.113186,0.11276,0.112214,0.111548,0.110762,0.109858,0.108836,0.107698,0.106444,0.105076,-0.995375,0.998432,-0.996939,0.0278376,-0.131083,-0.577652,9.76606,1641
E,0.0,0.0,0.0,0.0,0.0,1.0,0.0,0.0,0.0,0.0,0.0,1.0,0.0,0.0,0.0,0.0,0.0,0.0,0.0,0.0,0.0,0.0,1.0,0.0,0.0,0.0,0.0,0.0,0.0,0.0,9.61428,-0.718979,1.53159,30.1587,30.4762,28.2353,0.0290245,0.0573148,0.0447236,0.0026335,0.00505913,0.00403406,0.0513177,0.0711276,0.0635143,0.339566,0.479962,0.47919,0.477906,0.47611,0.473805,0.470991,0.467674,0.463856,0.459541,0.454734,0.449439,0.443664,-0.00268,-0.00378806,-0.00378198,-0.00377184,-0.00375767,-0.00373947,-0.00371727,-0.00369108,-0.00366095,-0.00362689,-0.00358895,-0.00354717,-0.00350159,0.0842585,0.119096,0.118904,0.118586,0.11814,0.117568,0.11687,0.116047,0.115099,0.114029,0.112836,0.111522,0.110089,-0.99504,0.999284,-0.995781,0.0972996,-0.10806,-0.375944,9.76245,1641
E,0.06,0.01,0.01,0.005,0.01,0.895,0.005,0.005,0.0,0.0,0.045,0.905,0.05,0.0,0.0,0.0,0.0,0.0,0.0,0.0,0.0,0.0,0.875,0.065,0.04,0.02,0.0,0.0,0.0,0.0,8.371,-0.934098,2.09107,28.7097,31.6949,30.7812,2.22992,0.566583,0.836533,0.287092,0.0817644,0.0989537,0.53581,0.285945,0.314569,0.360078,0.508954,0.508137,0.506775,0.50487,0.502425,0.499442,0.495924,0.491875,0.4873,0.482202,0.476589,0.470464,0.236743,0.334626,0.334088,0.333193,0.331941,0.330333,0.328372,0.326059,0.323397,0.320388,0.317037,0.313346,0.309319,0.268724,0.37983,0.37922,0.378204,0.376782,0.374958,0.372731,0.370106,0.367084,0.36367,0.359865,0.355676,0.351105,-0.629257,0.586639,-0.762855,-0.188103,-0.6638,-0.556152,9.68767,1641
E,0.0,0.0,0.0,0.005,0.01,0.965,0.02,0.0,0.0,0.0,0.055,0.935,0.01,0.0,0.0,0.0,0.0,0.0,0.0,0.0,0.0,0.0,0.0,0.215,0.78,0.005,0.0,0.0,0.0,0.0,8.10886,-1.38121,5.33498,32.2414,33.2759,34.7273,0.286032,0.595644,0.381158,0.0402626,0.0546747,0.0372996,0.200655,0.233826,0.193131,0.321783,0.454826,0.454096,0.452879,0.451177,0.448992,0.446326,0.443182,0.439564,0.435475,0.430919,0.425903,0.42043,0.212097,0.299789,0.299308,0.298506,0.297384,0.295944,0.294187,0.292114,0.289729,0.287034,0.284032,0.280725,0.277118,0.276026,0.390151,0.389524,0.38848,0.38702,0.385146,0.382859,0.380162,0.377058,0.373551,0.369643,0.36534,0.360645,-0.875295,0.99365,-0.885364,-0.14209,0.137329,-0.354135,9.84481,1641
E,0.0,0.0,0.0,0.0,0.11,0.89,0.0,0.0,0.0,0.0,0.14,0.85,0.01,0.0,0.0,0.0,0.0,0.0,0.0,0.0,0.0,0.0,0.0,0.345,0.655,0.0,0.0,0.0,0.0,0.0,8.13012,-1.5252,5.0278,31.3115,32.6667,32.6667,0.347727,0.579346,0.562237,0.0321352,0.0522722,0.0476747,0.179263,0.228631,0.218345,0.310349,0.438664,0.43796,0.436786,0.435144,0.433037,0.430466,0.427434,0.423944,0.42,0.415607,0.410768,0.40549,0.201967,0.285472,0.285013,0.284249,0.283181,0.28181,0.280136,0.278163,0.275892,0.273326,0.270467,0.267318,0.263883,0.268458,0.379453,0.378843,0.377828,0.376408,0.374585,0.372361,0.369739,0.36672,0.363308,0.359508,0.355323,0.350757,-0.888901,0.983328,-0.893791,0.393087,-0.843263,-0.0328104,9.74121,1641
E,0.0,0.0,0.0,0.0,0.98,0.02,0.0,0.0,0.0,0.0,0.505,0.495,0.0,0.0,0.0,0.0,0.0,0.0,0.0,0.0,0.0,0.0,0.0,0.0,1.0,0.0,0.0,0.0,0.0,0.0,7.0006,-2.62819,6.17812,36.2264,34.1818,29.3939,0.1514,0.496114,0.194324,0.014645,0.0427321,0.0170349,0.121017,0.206717,0.130518,0.298058,0.421292,0.420616,0.419488,0.417912,0.415888,0.413419,0.410507,0.407155,0.403368,0.399148,0.394501,0.389432,0.193782,0.273902,0.273462,0.272729,0.271704,0.270388,0.268783,0.26689,0.264711,0.262248,0.259505,0.256484,0.253188,0.27803,0.392983,0.392352,0.3913,0.38983,0.387942,0.385638,0.382922,0.379796,0.376263,0.372327,0.367992,0.363264,-0.969673,0.998748,-0.970693,0.674431,-0.0483448,0.359048,9.7227,1641
E,0.0,0.0,0.0,0.0,0.495,0.48,0.025,0.0,0.0,0.0,0.255,0.735,0.01,0.0,0.0,0.0,0.0,0.0,0.0,0.0,0.0,0.07,0.22,0.205,0.505,0.0,0.0,0.0,0.0,0.0,8.09891,-2.14555,4.15207,37.6923,35.2727,43.3333,1.09184,0.578371,2.22625,0.0815842,0.0578158,0.172666,0.28563,0.240449,0.415531,0.329836,0.466209,0.46546,0.464213,0.462468,0.460229,0.457496,0.454274,0.450565,0.446373,0.441704,0.436562,0.430952,0.25257,0.356997,0.356424,0.355469,0.354133,0.352418,0.350325,0.347858,0.345018,0.341808,0.338233,0.334295,0.329999,0.26762,0.37827,0.377662,0.37665,0.375234,0.373417,0.3712,0.368585,0.365576,0.362175,0.358387,0.354214,0.349663,-0.922499,0.787704,-0.793924,0.0519067,-0.918394,0.063994,9.76074,1641
E,0.03,0.035,0.08,0.02,0.04,0.745,0.05,0.0,0.0,0.0,0.28,0.56,0.1,0.02,0.025,0.015,0.0,0.0,0.0,0.0,0.05,0.62,0.14,0.065,0.075,0.05,0.0,0.0,0.0,0.0,7.89426,-1.91053,0.531309,36.0377,35.8491,35.9259,2.57091,1.71255,2.30903,0.248846,0.205338,0.23467,0.498845,0.453143,0.484427,0.376272,0.531844,0.530989,0.529566,0.527576,0.525021,0.521904,0.518228,0.513997,0.509215,0.503888,0.498022,0.491623,0.34493,0.487543,0.48676,0.485455,0.483631,0.481289,0.478431,0.475061,0.471183,0.4668,0.461917,0.456539,0.450672,0.344272,0.486613,0.485831,0.484529,0.482708,0.480371,0.477519,0.474155,0.470284,0.465909,0.461035,0.455668,0.449813,-0.521859,0.0721863,0.314728,-0.0583737,-0.179575,0.48686,9.86077,1641
F,0.0,0.625,0.305,0.0,0.0,0.07,0.0,0.0,0.0,0.0,0.93,0.02,0.05,0.0,0.0,0.0,0.0,0.0,0.0,0.0,0.0,0.07,0.0,0.0,0.0,0.93,0.0,0.0,0.0,0.0,0.563086,-4.55217,7.73302,33.9286,33.0508,31.2903,1.29192,0.931163,1.17446,0.179895,0.102452,0.164093,0.42414,0.320081,0.405084,0.336406,0.475495,0.474731,0.473459,0.471679,0.469395,0.466608,0.463321,0.459539,0.455264,0.450501,0.445257,0.439535,0.251842,0.355968,0.355396,0.354444,0.353112,0.351402,0.349315,0.346855,0.344023,0.340823,0.337257,0.333331,0.329048,0.328803,0.464749,0.464002,0.462759,0.46102,0.458787,0.456063,0.452851,0.449153,0.444975,0.44032,0.435194,0.429602,0.0660381,-0.0661437,-0.986628,0.918389,-0.973229,-0.848184,9.73451,1641
F,0.0,0.63,0.37,0.0,0.0,0.0,0.0,0.0,0.0,0.0,0.99,0.01,0.0,0.0,0.0,0.0,0.0,0.0,0.0,0.0,0.0,0.0,0.0,0.005,0.06,0.935,0.0,0.0,0.0,0.0,-0.102729,-5.17513,8.17104,31.6393,31.1111,30.3077,0.268459,0.573172,0.380049,0.0288052,0.0642325,0.0477602,0.169721,0.253441,0.218541,0.128946,0.18226,0.181967,0.18148,0.180798,0.179922,0.178854,0.177594,0.176144,0.174505,0.17268,0.17067,0.168477,0.301595,0.426291,0.425607,0.424466,0.422871,0.420823,0.418324,0.415378,0.411986,0.408154,0.403884,0.399182,0.394053,0.318602,0.450331,0.449607,0.448402,0.446717,0.444554,0.441914,0.438802,0.435219,0.43117,0.42666,0.421693,0.416274,0.336701,-0.184014,-0.970442,0.571824,0.747098,0.783032,9.74185,1641
F,0.0,0.795,0.205,0.0,0.0,0.0,0.0,0.0,0.0,0.0,1.0,0.0,0.0,0.0,0.0,0.0,0.0,0.0,0.0,0.0,0.0,0.0,0.0,0.0,0.02,0.98,0.0,0.0,0.0,0.0,-0.288663,-4.86884,8.39673,32.5424,30.1587,30.6349,0.27537,0.453682,0.260843,0.0258262,0.0425191,0.0244842,0.160705,0.206202,0.156474,0.0975772,0.137921,0.1377,0.137331,0.136814,0.136152,0.135343,0.13439,0.133293,0.132053,0.130672,0.12915,0.127491,0.281658,0.398112,0.397472,0.396407,0.394917,0.393005,0.390671,0.38792,0.384752,0.381173,0.377186,0.372795,0.368004,0.328439,0.464234,0.463488,0.462246,0.460509,0.458279,0.455558,0.452349,0.448656,0.444482,0.439833,0.434712,0.429126,0.623731,-0.60826,-0.988847,0.0867505,0.348904,0.54847,9.73797,1641
F,0.0,0.8,0.2,0.0,0.0,0.0,0.0,0.0,0.0,0.0,1.0,0.0,0.0,0.0,0.0,0.0,0.0,0.0,0.0,0.0,0.0,0.0,0.0,0.0,0.04,0.96,0.0,0.0,0.0,0.0,-0.182025,-5.03248,8.32361,33.6842,29.3939,31.2903,0.241136,0.614023,0.333282,0.0233284,0.0601328,0.0297046,0.152736,0.24522,0.17235,0.105389,0.148962,0.148723,0.148324,0.147767,0.147051,0.146178,0.145149,0.143964,0.142624,0.141133,0.139489,0.137697,0.28792,0.406962,0.406309,0.40522,0.403697,0.401742,0.399357,0.396544,0.393306,0.389647,0.385571,0.381083,0.376186,0.329458,0.465674,0.464926,0.46368,0.461937,0.4597,0.456971,0.453752,0.450048,0.445861,0.441197,0.436061,0.430457,0.449796,-0.474872,-0.979618,-0.181896,0.172189,0.613144,9.77178,1641
F,0.0,0.73,0.27,0.0,0.0,0.0,0.0,0.0,0.0,0.0,1.0,0.0,0.0,0.0,0.0,0.0,0.0,0.0,0.0,0.0,0.0,0.0,0.0,0.0,0.0,1.0,0.0,0.0,0.0,0.0,-0.148818,-4.63957,8.59658,32.1667,29.2537,26.9863,0.204506,0.299852,0.178876,0.0189097,0.0282229,0.0185934,0.137513,0.167997,0.136358,0.0750393,0.106065,0.105894,0.105611,0.105214,0.104704,0.104082,0.103349,0.102506,0.101552,0.10049,0.0993198,0.0980435,0.26154,0.369675,0.369082,0.368092,0.366709,0.364933,0.362766,0.360211,0.35727,0.353947,0.350244,0.346167,0.341719,0.327668,0.463145,0.462401,0.461162,0.459429,0.457204,0.454489,0.451288,0.447603,0.44344,0.438801,0.433692,0.428119,0.48899,-0.477658,-0.995496,0.0602926,0.313607,0.136814,9.78124,1641
F,0.0,0.805,0.195,0.0,0.0,0.0,0.0,0.0,0.0,0.0,0.99,0.01,0.0,0.0,0.0,0.0,0.0,0.0,0.0,0.0,0.0,0.0,0.0,0.0,0.055,0.945,0.0,0.0,0.0,0.0,-0.248069,-4.92415,8.35985,31.9672,30.1587,34.0351,0.259233,0.689657,0.353885,0.0243157,0.0709608,0.0356187,0.155935,0.266385,0.188729,0.116838,0.165145,0.16488,0.164438,0.16382,0.163027,0.162059,0.160917,0.159604,0.158119,0.156465,0.154643,0.152656,0.325563,0.460169,0.45943,0.458199,0.456477,0.454266,0.451569,0.448388,0.444727,0.44059,0.435981,0.430906,0.425369,0.331659,0.468785,0.468032,0.466778,0.465024,0.462772,0.460024,0.456784,0.453054,0.44884,0.444145,0.438974,0.433333,0.544631,-0.570856,-0.970577,-0.176801,0.269236,0.625056,9.76646,1641
F,0.0,0.875,0.125,0.0,0.0,0.0,0.0,0.0,0.0,0.0,1.0,0.0,0.0,0.0,0.0,0.0,0.0,0.0,0.0,0.0,0.0,0.0,0.0,0.0,0.0,1.0,0.0,0.0,0.0,0.0,-0.245376,-4.8805,8.4072,33.1034,28.806,30.1562,0.205155,0.327568,0.177154,0.0203119,0.032196,0.0178712,0.14252,0.179432,0.133683,0.0801908,0.113346,0.113164,0.112861,0.112437,0.111892,0.111228,0.110444,0.109543,0.108524,0.107388,0.106138,0.104774,0.267878,0.378633,0.378025,0.377012,0.375595,0.373776,0.371557,0.36894,0.365928,0.362524,0.358731,0.354555,0.349999,0.324783,0.459067,0.45833,0.457101,0.455384,0.453178,0.450488,0.447314,0.443662,0.439535,0.434937,0.429874,0.42435,0.648494,-0.637584,-0.994733,0.0254314,0.508952,0.17674,9.73823,1641
F,0.025,0.93,0.045,0.0,0.0,0.0,0.0,0.0,0.0,0.0,0.995,0.005,0.0,0.0,0.0,0.0,0.0,0.0,0.0,0.0,0.0,0.0,0.02,0.11,0.075,0.79,0.005,0.0,0.0,0.0,-0.698095,-5.57449,7.59244,35.9259,31.2698,36.0377,0.524689,1.10957,1.28278,0.0517349,0.106589,0.126168,0.227453,0.326479,0.355201,0.178498,0.252299,0.251893,0.251218,0.250274,0.249062,0.247583,0.24584,0.243832,0.241564,0.239037,0.236254,0.233219,0.29862,0.422087,0.421409,0.420279,0.4187,0.416672,0.414198,0.411281,0.407923,0.404128,0.399901,0.395245,0.390166,0.340386,0.48112,0.480347,0.47906,0.47726,0.474948,0.472128,0.468803,0.464975,0.46065,0.455831,0.450525,0.444735,0.816708,-0.526523,-0.884798,0.795923,0.879025,0.919822,9.75176,1641
F,0.0,0.7,0.3,0.0,0.0,0.0,0.0,0.0,0.0,0.0,0.995,0.005,0.0,0.0,0.0,0.0,0.0,0.0,0.0,0.0,0.0,0.0,0.0,0.0,0.055,0.945,0.0,0.0,0.0,0.0,-0.288112,-5.05847,8.30479,35.6364,33.6207,32.3333,0.362196,0.643085,0.372239,0.0333045,0.0669836,0.0368036,0.182495,0.258812,0.191843,0.145875,0.206188,0.205857,0.205305,0.204534,0.203543,0.202335,0.200909,0.199269,0.197415,0.19535,0.193076,0.190595,0.316967,0.448019,0.4473,0.446101,0.444425,0.442272,0.439646,0.43655,0.432985,0.428958,0.42447,0.419529,0.414138,0.330411,0.467022,0.466272,0.465022,0.463275,0.461031,0.458294,0.455066,0.45135,0.447152,0.442474,0.437323,0.431703,0.510643,-0.50652,-0.974118,-0.0144019,0.267588,0.596795,9.78979,1641
F,0.0,0.85,0.15,0.0,0.0,0.0,0.0,0.0,0.0,0.0,0.985,0.01,0.005,0.0,0.0,0.0,0.0,0.0,0.0,0.0,0.0,0.0,0.0,0.0,0.09,0.91,0.0,0.0,0.0,0.0,-0.348494,-5.20952,8.11512,33.6842,32.8814,30.8197,0.32828,0.71208,0.405181,0.0319195,0.0741383,0.0393234,0.17866,0.272283,0.198301,0.137836,0.194825,0.194512,0.193991,0.193262,0.192326,0.191184,0.189838,0.188288,0.186536,0.184585,0.182436,0.180092,0.332478,0.469944,0.469189,0.467931,0.466173,0.463915,0.461161,0.457912,0.454174,0.449949,0.445242,0.440059,0.434404,0.327738,0.463243,0.462499,0.461259,0.459526,0.4573,0.454585,0.451383,0.447698,0.443533,0.438894,0.433784,0.42821,0.601462,-0.595584,-0.969949,0.0152477,0.260156,0.600397,9.72129,1641
F,0.0,0.815,0.185,0.0,0.0,0.0,0.0,0.0,0.0,0.0,1.0,0.0,0.0,0.0,0.0,0.0,0.0,0.0,0.0,0.0,0.0,0.0,0.0,0.0,0.02,0.98,0.0,0.0,0.0,0.0,-0.255204,-5.25408,8.17171,31.8333,32.6667,30.4688,0.281039,0.456323,0.254653,0.0278823,0.055368,0.0239519,0.16698,0.235304,0.154764,0.12715,0.17972,0.179432,0.178951,0.178278,0.177415,0.176362,0.175119,0.17369,0.172074,0.170274,0.168291,0.166129,0.309792,0.437877,0.437174,0.436002,0.434364,0.43226,0.429693,0.426667,0.423183,0.419247,0.414861,0.410031,0.404762,0.323133,0.456734,0.456,0.454778,0.453069,0.450875,0.448198,0.445041,0.441408,0.437301,0.432727,0.427689,0.422193,0.492735,-0.532542,-0.985903,-0.360971,0.297158,0.380848,9.75076,1641
F,0.0,0.77,0.23,0.0,0.0,0.0,0.0,0.0,0.0,0.0,0.985,0.015,0.0,0.0,0.0,0.0,0.0,0.0,0.0,0.0,0.0,0.0,0.0,0.0,0.045,0.955,0.0,0.0,0.0,0.0,-0.234745,-4.7635,8.4595,32.7586,30.3077,31.4754,0.295852,0.72145,0.343336,0.027934,0.0812332,0.0346569,0.167135,0.285014,0.186164,0.130499,0.184455,0.184158,0.183665,0.182975,0.182088,0.181007,0.179732,0.178265,0.176607,0.174759,0.172725,0.170505,0.330838,0.467625,0.466874,0.465622,0.463873,0.461626,0.458885,0.455653,0.451933,0.447729,0.443045,0.437887,0.432261,0.330709,0.467442,0.466691,0.465441,0.463692,0.461446,0.458706,0.455475,0.451757,0.447554,0.442872,0.437716,0.432092,0.479878,-0.500882,-0.961774,-0.0829746,0.183049,0.643591,9.78456,1641
F,0.0,0.785,0.215,0.0,0.0,0.0,0.0,0.0,0.0,0.0,0.985,0.015,0.0,0.0,0.0,0.0,0.0,0.0,0.0,0.0,0.0,0.0,0.0,0.0,0.1,0.9,0.0,0.0,0.0,0.0,-0.255527,-4.83675,8.40167,31.2903,32.1667,31.4516,0.289163,0.760965,0.448918,0.0299351,0.0845604,0.0470061,0.173018,0.290793,0.216809,0.143121,0.202295,0.20197,0.201429,0.200672,0.1997,0.198514,0.197116,0.195507,0.193688,0.191662,0.189431,0.186997,0.330993,0.467844,0.467092,0.46584,0.46409,0.461842,0.4591,0.455866,0.452144,0.447938,0.443253,0.438092,0.432463,0.333948,0.47202,0.471262,0.469999,0.468233,0.465965,0.463199,0.459936,0.456181,0.451937,0.44721,0.442003,0.436324,0.513375,-0.478938,-0.955535,0.0570686,0.536142,0.644906,9.78739,1641
F,0.0,0.84,0.16,0.0,0.0,0.0,0.0,0.0,0.0,0.0,0.985,0.015,0.0,0.0,0.0,0.0,0.0,0.0,0.0,0.0,0.0,0.0,0.0,0.0,0.065,0.93,0.005,0.0,0.0,0.0,-0.317537,-5.10921,8.25038,32.3333,29.8485,27.7941,0.277154,0.530398,0.315176,0.0284456,0.064157,0.0357944,0.168658,0.253292,0.189194,0.135266,0.191192,0.190885,0.190374,0.189658,0.18874,0.187619,0.186298,0.184777,0.183058,0.181143,0.179034,0.176733,0.315562,0.446033,0.445317,0.444123,0.442454,0.440312,0.437697,0.434614,0.431066,0.427056,0.422589,0.417669,0.412302,0.337239,0.476672,0.475906,0.474631,0.472847,0.470557,0.467763,0.464469,0.460677,0.456391,0.451617,0.446359,0.440624,0.593253,-0.600792,-0.978007,-0.122284,0.366646,0.442673,9.76082,1641
F,0.0,0.755,0.245,0.0,0.0,0.0,0.0,0.0,0.0,0.0,0.99,0.01,0.0,0.0,0.0,0.0,0.0,0.0,0.0,0.0,0.0,0.0,0.0,0.0,0.045,0.955,0.0,0.0,0.0,0.0,-0.17525,-5.10555,8.25435,34.1071,30.0,29.697,0.229592,0.50289,0.301388,0.023546,0.0608209,0.0308935,0.153447,0.246619,0.175765,0.1106,0.156329,0.156078,0.155659,0.155074,0.154323,0.153407,0.152326,0.151083,0.149677,0.148112,0.146387,0.144506,0.317563,0.448861,0.44814,0.446939,0.44526,0.443103,0.440472,0.43737,0.433799,0.429764,0.425268,0.420317,0.414916,0.328514,0.464341,0.463595,0.462353,0.460615,0.458384,0.455663,0.452453,0.448759,0.444585,0.439934,0.434812,0.429225,0.44182,-0.445934,-0.982408,-0.118605,0.409282,0.263928,9.74666,1641
F,0.0,0.605,0.395,0.0,0.0,0.0,0.0,0.0,0.0,0.0,1.0,0.0,0.0,0.0,0.0,0.0,0.0,0.0,0.0,0.0,0.0,0.0,0.0,0.0,0.1,0.9,0.0,0.0,0.0,0.0,-0.157018,-5.27627,8.08941,31.6129,30.8475,31.4516,0.29783,0.542475,0.408547,0.032065,0.0594637,0.0470975,0.179067,0.243852,0.21702,0.117776,0.166471,0.166204,0.165758,0.165135,0.164336,0.16336,0.162209,0.160885,0.159388,0.157721,0.155885,0.153882,0.314824,0.44499,0.444276,0.443085,0.44142,0.439282,0.436674,0.433598,0.430058,0.426057,0.421601,0.416692,0.411338,0.322459,0.455782,0.45505,0.45383,0.452125,0.449935,0.447264,0.444113,0.440487,0.43639,0.431825,0.426797,0.421313,0.411191,-0.262213,-0.975076,0.592138,0.823854,0.706794,9.72194,1641
F,0.0,0.895,0.105,0.0,0.0,0.0,0.0,0.0,0.0,0.0,0.995,0.005,0.0,0.0,0.0,0.0,0.0,0.0,0.0,0.0,0.0,0.0,0.0,0.005,0.455,0.535,0.005,0.0,0.0,0.0,-0.471209,-5.93337,7.60682,32.0339,33.2759,31.6129,0.402256,0.851043,0.552801,0.0401826,0.0867632,0.0532406,0.200456,0.294556,0.230739,0.197639,0.279354,0.278905,0.278157,0.277112,0.27577,0.274133,0.272202,0.26998,0.267468,0.26467,0.261589,0.258227,0.350581,0.495531,0.494735,0.493409,0.491555,0.489174,0.48627,0.482844,0.478902,0.474447,0.469484,0.464019,0.458056,0.326322,0.461242,0.460501,0.459267,0.457541,0.455325,0.452621,0.449433,0.445764,0.441617,0.436998,0.43191,0.42636,0.606998,-0.607719,-0.964328,-0.115987,0.362453,0.510769,9.75523,1641
F,0.025,0.8,0.175,0.0,0.0,0.0,0.0,0.0,0.0,0.0,1.0,0.0,0.0,0.0,0.0,0.0,0.0,0.0,0.0,0.0,0.0,0.005,0.025,0.055,0.425,0.49,0.0,0.0,0.0,0.0,-0.558262,-6.36082,7.10277,33.8596,32.5,34.0351,0.516912,0.895883,0.989175,0.0496665,0.0867453,0.108812,0.22286,0.294525,0.329867,0.176702,0.24976,0.249359,0.248691,0.247756,0.246556,0.245092,0.243366,0.241379,0.239134,0.236632,0.233877,0.230872,0.326009,0.460799,0.460059,0.458826,0.457102,0.454888,0.452187,0.449002,0.445337,0.441194,0.436579,0.431496,0.425951,0.339928,0.480473,0.479702,0.478416,0.476618,0.47431,0.471494,0.468173,0.46435,0.460031,0.455218,0.449919,0.444137,0.692869,-0.480131,-0.927112,0.552555,0.772023,0.811255,9.7679,1641
G,0.925,0.055,0.02,0.0,0.0,0.0,0.0,0.0,0.0,0.0,0.195,0.73,0.075,0.0,0.0,0.0,0.0,0.0,0.0,0.0,0.0,0.07,0.095,0.395,0.325,0.115,0.0,0.0,0.0,0.0,-7.94272,-1.57134,4.62317,45.6098,36.4815,65.1724,1.45578,1.05099,1.94244,0.166825,0.102283,0.172036,0.408442,0.319817,0.414773,0.351619,0.496998,0.4962,0.49487,0.49301,0.490623,0.48771,0.484274,0.480321,0.475852,0.470875,0.465393,0.459412,0.314427,0.444429,0.443715,0.442526,0.440863,0.438728,0.436123,0.433051,0.429515,0.42552,0.421069,0.416167,0.410819,0.375638,0.530947,0.530094,0.528674,0.526687,0.524136,0.521024,0.517354,0.51313,0.508357,0.503039,0.497183,0.490794,0.564526,-0.757217,-0.768607,-0.729846,0.686945,-0.372627,10.0144,1641
G,1.0,0.0,0.0,0.0,0.0,0.0,0.0,0.0,0.0,0.0,0.395,0.595,0.01,0.0,0.0,0.0,0.0,0.0,0.0,0.0,0.0,0.0,0.015,0.505,0.425,0.055,0.0,0.0,0.0,0.0,-7.95881,-2.23518,5.15777,45.2381,38.8,58.4375,0.724307,0.894885,1.24248,0.0626433,0.0769523,0.102632,0.250286,0.277403,0.320362,0.34709,0.490596,0.489808,0.488495,0.48666,0.484303,0.481427,0.478036,0.474133,0.469723,0.464809,0.459398,0.453495,0.291304,0.411745,0.411084,0.409982,0.408442,0.406464,0.40405,0.401204,0.397929,0.394227,0.390103,0.385561,0.380607,0.326052,0.46086,0.460119,0.458886,0.457162,0.454948,0.452247,0.449061,0.445395,0.441252,0.436636,0.431552,0.426007,0.876558,-0.93236,-0.873954,-0.351403,0.812302,-0.0714705,9.94114,1641
G,1.0,0.0,0.0,0.0,0.0,0.0,0.0,0.0,0.0,0.0,0.56,0.435,0.005,0.0,0.0,0.0,0.0,0.0,0.0,0.0,0.0,0.0,0.005,0.62,0.375,0.0,0.0,0.0,0.0,0.0,-8.19322,-2.58298,4.62931,32.5,32.9825,38.2353,0.705231,0.816996,0.782046,0.0688768,0.0743188,0.067521,0.262444,0.272615,0.259848,0.358388,0.506565,0.505751,0.504396,0.502501,0.500067,0.497098,0.493596,0.489567,0.485012,0.479939,0.474351,0.468256,0.293909,0.415428,0.414761,0.413649,0.412095,0.410099,0.407664,0.404792,0.401488,0.397753,0.393592,0.38901,0.384011,0.304749,0.430749,0.430057,0.428905,0.427293,0.425223,0.422699,0.419721,0.416295,0.412422,0.408108,0.403357,0.398173,0.891463,-0.956344,-0.94847,-0.636374,0.678804,-0.542582,9.89909,1641
G,1.0,0.0,0.0,0.0,0.0,0.0,0.0,0.0,0.0,0.0,0.205,0.635,0.16,0.0,0.0,0.0,0.0,0.0,0.0,0.0,0.0,0.0,0.115,0.77,0.11,0.005,0.0,0.0,0.0,0.0,-8.92457,-1.37042,3.77284,31.8644,32.5,43.4091,0.452944,1.02102,0.824891,0.040979,0.0895024,0.0744933,0.202433,0.299169,0.272935,0.342051,0.483474,0.482697,0.481404,0.479595,0.477272,0.474438,0.471097,0.46725,0.462904,0.458061,0.452729,0.446911,0.300536,0.424795,0.424112,0.422976,0.421386,0.419346,0.416856,0.41392,0.41054,0.406721,0.402467,0.397781,0.39267,0.30695,0.43386,0.433163,0.432002,0.430379,0.428294,0.425751,0.422752,0.419301,0.4154,0.411055,0.40627,0.401049,0.712912,-0.950561,-0.765492,-0.458221,0.606584,-0.317605,9.93144,1641
G,1.0,0.0,0.0,0.0,0.0,0.0,0.0,0.0,0.0,0.0,0.415,0.535,0.05,0.0,0.0,0.0,0.0,0.0,0.0,0.0,0.0,0.0,0.125,0.655,0.215,0.005,0.0,0.0,0.0,0.0,-8.63885,-2.24192,4.09127,32.5,31.1111,39.1837,0.525299,1.07592,0.975308,0.0489899,0.0941812,0.0915134,0.221337,0.30689,0.302512,0.353093,0.499081,0.498279,0.496944,0.495076,0.492679,0.489754,0.486304,0.482333,0.477847,0.472848,0.467343,0.461338,0.316945,0.447988,0.447268,0.44607,0.444393,0.442241,0.439615,0.436519,0.432955,0.428927,0.424441,0.419499,0.414109,0.305154,0.431322,0.430629,0.429475,0.427861,0.425789,0.423261,0.42028,0.416848,0.412971,0.408651,0.403893,0.398703,0.836684,-0.936264,-0.860313,-0.496865,0.585584,-0.263714,10.0024,1641
G,1.0,0.0,0.0,0.0,0.0,0.0,0.0,0.0,0.0,0.0,0.28,0.62,0.1,0.0,0.0,0.0,0.0,0.0,0.0,0.0,0.0,0.01,0.585,0.405,0.0,0.0,0.0,0.0,0.0,0.0,-9.37991,-1.67667,2.34449,31.6129,31.129,38.8,0.281596,1.04014,0.817036,0.0263011,0.0897494,0.0704404,0.162176,0.299582,0.265406,0.345175,0.487889,0.487105,0.4858,0.483974,0.481631,0.478771,0.475399,0.471517,0.467131,0.462245,0.456863,0.450992,0.307557,0.434718,0.434019,0.432856,0.43123,0.429141,0.426593,0.423588,0.42013,0.416222,0.411868,0.407073,0.401842,0.27853,0.393691,0.393058,0.392005,0.390532,0.38864,0.386333,0.383612,0.38048,0.37694,0.372997,0.368655,0.363917,0.785698,-0.910735,-0.723667,-0.459413,0.574753,0.0429976,9.94806,1641
G,1.0,0.0,0.0,0.0,0.0,0.0,0.0,0.0,0.0,0.0,0.1,0.775,0.125,0.0,0.0,0.0,0.0,0.0,0.0,0.0,0.0,0.0,0.45,0.52,0.03,0.0,0.0,0.0,0.0,0.0,-9.32918,-1.23692,2.70838,33.7931,29.1045,40.4255,0.363391,0.845548,0.89394,0.0327289,0.0797323,0.0772995,0.180911,0.282369,0.278028,0.349578,0.494113,0.493319,0.491997,0.490148,0.487774,0.484878,0.481463,0.477532,0.47309,0.468141,0.462691,0.456745,0.277943,0.392861,0.39223,0.391179,0.389709,0.387821,0.385519,0.382803,0.379678,0.376146,0.372211,0.367878,0.363151,0.268622,0.379686,0.379076,0.37806,0.376639,0.374815,0.37259,0.369966,0.366945,0.363532,0.359729,0.355541,0.350972,0.716549,-0.912647,-0.78252,-0.6457,0.729282,-0.385576,9.92444,1641
G,1.0,0.0,0.0,0.0,0.0,0.0,0.0,0.0,0.0,0.0,0.075,0.765,0.16,0.0,0.0,0.0,0.0,0.0,0.0,0.0,0.0,0.0,0.2,0.75,0.05,0.0,0.0,0.0,0.0,0.0,-9.16016,-1.19568,3.3441,30.1538,29.5385,47.4359,0.261589,0.859318,0.786971,0.0245276,0.0750751,0.0703593,0.156613,0.273998,0.265253,0.341043,0.482049,0.481275,0.479985,0.478181,0.475865,0.47304,0.469708,0.465873,0.461539,0.456711,0.451394,0.445594,0.28225,0.398948,0.398307,0.397239,0.395746,0.39383,0.391492,0.388734,0.38556,0.381974,0.377978,0.373577,0.368777,0.268622,0.379685,0.379075,0.378059,0.376638,0.374814,0.372589,0.369965,0.366944,0.363531,0.359728,0.35554,0.350971,0.730426,-0.952476,-0.80729,-0.66822,0.491893,-0.478414,9.93242,1641
G,1.0,0.0,0.0,0.0,0.0,0.0,0.0,0.0,0.0,0.0,0.1,0.725,0.175,0.0,0.0,0.0,0.0,0.0,0.0,0.0,0.0,0.01,0.355,0.63,0.005,0.0,0.0,0.0,0.0,0.0,-9.36476,-1.05405,2.80454,33.1034,32.5,38.9583,0.384089,0.894788,0.816314,0.0570385,0.0770071,0.0731035,0.238827,0.277502,0.270377,0.361388,0.510806,0.509986,0.508619,0.506708,0.504254,0.50126,0.497729,0.493665,0.489073,0.483957,0.478323,0.472176,0.286357,0.404753,0.404103,0.40302,0.401506,0.399561,0.397189,0.394391,0.391171,0.387532,0.383479,0.379014,0.374144,0.283407,0.400584,0.39994,0.398869,0.39737,0.395445,0.393097,0.390329,0.387142,0.38354,0.379528,0.37511,0.37029,0.683167,-0.921344,-0.779623,-0.157844,0.453928,-0.511324,9.95019,1641
G,1.0,0.0,0.0,0.0,0.0,0.0,0.0,0.0,0.0,0.0,0.205,0.69,0.105,0.0,0.0,0.0,0.0,0.0,0.0,0.0,0.0,0.0,0.47,0.53,0.0,0.0,0.0,0.0,0.0,0.0,-9.3674,-1.42188,2.54499,27.8261,29.5455,38.5714,0.385776,0.91771,0.739552,0.0388138,0.0826214,0.0615208,0.197012,0.287439,0.248034,0.352143,0.497739,0.496939,0.495607,0.493745,0.491354,0.488436,0.484996,0.481036,0.476561,0.471576,0.466086,0.460097,0.276579,0.390932,0.390304,0.389258,0.387795,0.385917,0.383625,0.380923,0.377813,0.374299,0.370383,0.366071,0.361367,0.260472,0.368166,0.367575,0.36659,0.365212,0.363443,0.361285,0.358741,0.355812,0.352502,0.348814,0.344754,0.340323,0.746796,-0.934347,-0.82005,-0.659183,0.542584,-0.433294,9.92755,1641
G,1.0,0.0,0.0,0.0,0.0,0.0,0.0,0.0,0.0,0.0,0.07,0.78,0.15,0.0,0.0,0.0,0.0,0.0,0.0,0.0,0.0,0.0,0.36,0.64,0.0,0.0,0.0,0.0,0.0,0.0,-9.33925,-1.12323,2.84859,30.1538,29.697,49.4737,0.22977,0.777477,0.798882,0.0215575,0.0689446,0.0682553,0.146825,0.262573,0.261257,0.342279,0.483797,0.483019,0.481725,0.479915,0.477591,0.474755,0.471411,0.467562,0.463213,0.458367,0.453031,0.447209,0.242045,0.342121,0.341571,0.340656,0.339375,0.337732,0.335727,0.333362,0.33064,0.327564,0.324138,0.320364,0.316248,0.257663,0.364195,0.36361,0.362636,0.361273,0.359523,0.357389,0.354871,0.351974,0.3487,0.345052,0.341035,0.336653,0.741821,-0.941257,-0.797967,-0.605346,0.509984,-0.393306,9.92507,1641
G,1.0,0.0,0.0,0.0,0.0,0.0,0.0,0.0,0.0,0.0,0.03,0.595,0.335,0.04,0.0,0.0,0.0,0.0,0.0,0.0,0.0,0.065,0.435,0.49,0.01,0.0,0.0,0.0,0.0,0.0,-9.4824,-0.297001,2.35099,31.6129,31.2903,45.9524,0.28837,1.04704,1.0202,0.0311336,0.0959294,0.10071,0.176447,0.309725,0.317349,0.345616,0.488514,0.487729,0.486422,0.484594,0.482247,0.479384,0.476007,0.472121,0.467729,0.462836,0.457448,0.45157,0.278411,0.393522,0.392889,0.391836,0.390364,0.388473,0.386167,0.383447,0.380316,0.376778,0.372837,0.368496,0.363761,0.292602,0.41358,0.412915,0.411809,0.410261,0.408274,0.40585,0.402991,0.399701,0.395983,0.391841,0.387279,0.382302,0.199726,-0.845706,-0.464544,-0.306809,0.360546,-0.556411,9.97231,1641
G,1.0,0.0,0.0,0.0,0.0,0.0,0.0,0.0,0.0,0.0,0.025,0.72,0.255,0.0,0.0,0.0,0.0,0.0,0.0,0.0,0.005,0.095,0.6,0.29,0.01,0.0,0.0,0.0,0.0,0.0,-9.59,-0.638821,1.73908,30.4762,32.6667,46.0976,0.310703,0.854623,1.10996,0.0283811,0.0753565,0.0983671,0.168467,0.274511,0.313635,0.352287,0.497943,0.497143,0.49581,0.493947,0.491555,0.488636,0.485195,0.481233,0.476757,0.471769,0.466277,0.460285,0.27181,0.384192,0.383575,0.382547,0.381109,0.379263,0.377012,0.374356,0.3713,0.367846,0.363998,0.35976,0.355137,0.289407,0.409064,0.408407,0.407312,0.405782,0.403817,0.401419,0.398592,0.395337,0.39166,0.387563,0.383051,0.378128,0.49319,-0.765068,-0.674506,-0.571579,0.579952,-0.509572,9.92523,1641
G,1.0,0.0,0.0,0.0,0.0,0.0,0.0,0.0,0.0,0.0,0.8,0.18,0.02,0.0,0.0,0.0,0.0,0.0,0.0,0.0,0.205,0.255,0.405,0.135,0.0,0.0,0.0,0.0,0.0,0.0,-8.84841,-3.54301,-0.0346321,30.8065,31.129,39.5745,0.417383,1.07919,2.00085,0.0374613,0.0984344,0.165249,0.193549,0.313743,0.406509,0.344882,0.487476,0.486693,0.485389,0.483565,0.481223,0.478365,0.474996,0.471118,0.466735,0.461853,0.456476,0.45061,0.29902,0.422652,0.421973,0.420842,0.41926,0.41723,0.414753,0.411831,0.408469,0.404669,0.400436,0.395774,0.390689,0.321071,0.45382,0.453091,0.451877,0.450179,0.447998,0.445338,0.442202,0.438591,0.434511,0.429966,0.42496,0.4195,0.914393,0.000476723,0.122696,-0.671644,-0.239532,0.297839,9.91529,1641
G,1.0,0.0,0.0,0.0,0.0,0.0,0.0,0.0,0.0,0.0,0.58,0.415,0.005,0.0,0.0,0.0,0.0,0.0,0.0,0.0,0.0,0.0,0.415,0.585,0.0,0.0,0.0,0.0,0.0,0.0,-9.02437,-2.79017,2.63507,31.6393,33.3333,41.0638,0.181995,0.825013,0.550261,0.0153486,0.0728672,0.048677,0.123889,0.269939,0.220629,0.336493,0.475619,0.474855,0.473582,0.471802,0.469518,0.46673,0.463442,0.459659,0.455383,0.450619,0.445373,0.43965,0.285353,0.403334,0.402686,0.401607,0.400098,0.39816,0.395796,0.393009,0.3898,0.386174,0.382134,0.377685,0.372832,0.242041,0.342114,0.341565,0.340649,0.339369,0.337726,0.33572,0.333356,0.330634,0.327558,0.324132,0.320358,0.316242,0.933004,-0.964582,-0.920645,-0.575044,0.438805,-0.148909,9.88282,1641
G,1.0,0.0,0.0,0.0,0.0,0.0,0.0,0.0,0.0,0.0,0.435,0.56,0.005,0.0,0.0,0.0,0.0,0.0,0.0,0.0,0.005,0.13,0.495,0.37,0.0,0.0,0.0,0.0,0.0,0.0,-9.27389,-2.52145,1.69543,31.7742,32.0,44.6512,0.423836,0.727307,1.26373,0.0589922,0.0695625,0.106294,0.242883,0.263747,0.326028,0.365844,0.517104,0.516273,0.51489,0.512955,0.51047,0.50744,0.503865,0.499752,0.495103,0.489924,0.48422,0.477998,0.284456,0.402067,0.401421,0.400345,0.398841,0.396909,0.394552,0.391773,0.388575,0.38496,0.380933,0.376498,0.37166,0.267426,0.377995,0.377388,0.376376,0.374962,0.373146,0.37093,0.368318,0.365311,0.361912,0.358126,0.353957,0.349409,0.932328,-0.711912,-0.706352,0.13724,0.56063,-0.0384927,9.92012,1641
G,1.0,0.0,0.0,0.0,0.0,0.0,0.0,0.0,0.0,0.0,0.625,0.375,0.0,0.0,0.0,0.0,0.0,0.0,0.0,0.0,0.0,0.085,0.87,0.045,0.0,0.0,0.0,0.0,0.0,0.0,-9.29093,-2.82995,1.16946,32.931,33.9286,37.6923,0.248599,0.733667,0.67908,0.0212234,0.0649057,0.0588791,0.145683,0.254766,0.24265,0.338501,0.478456,0.477688,0.476408,0.474617,0.472319,0.469514,0.466207,0.462401,0.4581,0.453307,0.44803,0.442273,0.269839,0.381406,0.380793,0.379773,0.378346,0.376513,0.374278,0.371641,0.368607,0.365178,0.361358,0.357151,0.352562,0.217737,0.307762,0.307268,0.306444,0.305293,0.303814,0.30201,0.299883,0.297435,0.294668,0.291585,0.288191,0.284488,0.943307,-0.80178,-0.851721,-0.743956,0.662216,-0.429477,9.86351,1641
G,1.0,0.0,0.0,0.0,0.0,0.0,0.0,0.0,0.0,0.0,0.45,0.515,0.035,0.0,0.0,0.0,0.0,0.0,0.0,0.0,0.0,0.245,0.72,0.035,0.0,0.0,0.0,0.0,0.0,0.0,-9.47434,-2.25768,0.718476,27.5714,28.6364,44.186,0.290542,1.00533,0.829151,0.0250602,0.0856592,0.0729699,0.158304,0.292676,0.270129,0.340205,0.480866,0.480093,0.478806,0.477007,0.474697,0.471878,0.468555,0.464729,0.460406,0.45559,0.450286,0.4445,0.27672,0.391132,0.390504,0.389457,0.387994,0.386114,0.383822,0.381118,0.378007,0.37449,0.370573,0.366259,0.361552,0.236614,0.334444,0.333907,0.333012,0.33176,0.330154,0.328193,0.325882,0.323221,0.320214,0.316865,0.313176,0.309151,0.86662,-0.551874,-0.704464,-0.788161,0.622988,-0.517955,9.89876,1641
H,0.7,0.3,0.0,0.0,0.0,0.0,0.0,0.0,0.0,0.0,0.94,0.055,0.005,0.0,0.0,0.0,0.0,0.0,0.0,0.0,0.325,0.5,0.17,0.005,0.0,0.0,0.0,0.0,0.0,0.0,-4.96819,-6.94665,-1.79676,60.3125,35.4902,52.2222,2.70355,2.25141,1.6293,0.21401,0.18961,0.144224,0.462612,0.435443,0.379769,0.354294,0.500779,0.499975,0.498635,0.496761,0.494355,0.49142,0.487959,0.483975,0.479473,0.474457,0.468933,0.462908,0.35899,0.507416,0.506601,0.505243,0.503345,0.500907,0.497933,0.494426,0.490389,0.485827,0.480745,0.475148,0.469043,0.284784,0.40253,0.401883,0.400806,0.3993,0.397366,0.395007,0.392225,0.389023,0.385404,0.381372,0.376932,0.372089,0.625416,0.46458,0.654592,-0.914325,-0.255998,0.140342,9.81832,1641
H,0.575,0.425,0.0,0.0,0.0,0.0,0.0,0.0,0.0,0.0,1.0,0.0,0.0,0.0,0.0,0.0,0.0,0.0,0.0,0.0,0.42,0.445,0.125,0.01,0.0,0.0,0.0,0.0,0.0,0.0,-3.68906,-8.03319,-2.29025,61.2903,36.2264,53.2432,2.20315,1.33267,1.7964,0.174115,0.105803,0.149593,0.41727,0.325273,0.386773,0.299839,0.423809,0.423129,0.421995,0.420409,0.418373,0.415889,0.412959,0.409588,0.405778,0.401533,0.396858,0.391759,0.340339,0.481055,0.480282,0.478995,0.477195,0.474884,0.472064,0.468739,0.464912,0.460587,0.455769,0.450463,0.444675,0.27878,0.394044,0.393411,0.392356,0.390882,0.388989,0.386679,0.383956,0.380821,0.377278,0.373332,0.368985,0.364244,0.726214,0.528075,0.714587,-0.899715,-0.220049,-0.0608309,9.79467,1641
H,0.54,0.46,0.0,0.0,0.0,0.0,0.0,0.0,0.0,0.0,1.0,0.0,0.0,0.0,0.0,0.0,0.0,0.0,0.0,0.0,0.445,0.435,0.11,0.01,0.0,0.0,0.0,0.0,0.0,0.0,-3.42531,-8.28965,-2.41079,49.7222,35.7407,44.7619,2.12343,1.23068,1.34339,0.161076,0.0981018,0.122427,0.401342,0.313212,0.349895,0.304034,0.429739,0.429048,0.427898,0.42629,0.424226,0.421707,0.418737,0.415318,0.411454,0.40715,0.40241,0.397239,0.330122,0.466613,0.465863,0.464615,0.462869,0.460627,0.457892,0.454667,0.450955,0.44676,0.442086,0.43694,0.431325,0.281787,0.398293,0.397653,0.396588,0.395097,0.393184,0.390849,0.388096,0.384928,0.381347,0.377358,0.372965,0.368172,0.739473,0.722914,0.774367,-0.8947,0.144212,-0.277572,9.80102,1641
H,0.46,0.48,0.06,0.0,0.0,0.0,0.0,0.0,0.0,0.0,1.0,0.0,0.0,0.0,0.0,0.0,0.0,0.0,0.0,0.0,0.855,0.145,0.0,0.0,0.0,0.0,0.0,0.0,0.0,0.0,-2.84542,-8.04306,-3.54647,46.1905,28.806,38.8,2.48113,1.11724,0.78447,0.186685,0.0851984,0.0804789,0.43207,0.291888,0.283688,0.304604,0.430544,0.429852,0.4287,0.427089,0.425021,0.422497,0.419521,0.416096,0.412226,0.407913,0.403164,0.397984,0.307817,0.435086,0.434387,0.433223,0.431595,0.429505,0.426955,0.423948,0.420486,0.416575,0.412217,0.407418,0.402183,0.273634,0.386769,0.386148,0.385113,0.383666,0.381808,0.379541,0.376867,0.37379,0.370313,0.36644,0.362173,0.35752,0.636759,0.637606,0.941912,-0.875376,-0.290555,0.0055397,9.74164,1641
H,0.425,0.47,0.105,0.0,0.0,0.0,0.0,0.0,0.0,0.0,1.0,0.0,0.0,0.0,0.0,0.0,0.0,0.0,0.0,0.0,0.68,0.295,0.025,0.0,0.0,0.0,0.0,0.0,0.0,0.0,-2.50888,-8.33202,-3.30202,46.0526,33.2203,45.3488,2.14939,1.0241,1.2745,0.168191,0.0835734,0.109807,0.410111,0.289091,0.331372,0.286545,0.405018,0.404368,0.403284,0.401768,0.399823,0.397449,0.394649,0.391427,0.387786,0.38373,0.379262,0.374389,0.322725,0.456158,0.455425,0.454204,0.452497,0.450306,0.447632,0.444479,0.44085,0.436749,0.432181,0.427149,0.42166,0.278677,0.393898,0.393265,0.392211,0.390738,0.388845,0.386536,0.383814,0.38068,0.377139,0.373194,0.368849,0.364109,0.637524,0.61138,0.884607,-0.838102,-0.154791,-0.189831,9.79242,1641
H,0.56,0.4,0.04,0.0,0.0,0.0,0.0,0.0,0.0,0.0,1.0,0.0,0.0,0.0,0.0,0.0,0.0,0.0,0.0,0.0,0.965,0.035,0.0,0.0,0.0,0.0,0.0,0.0,0.0,0.0,-3.26309,-7.73865,-4.06337,57.2727,26.7606,40.4348,2.26675,0.95543,0.83338,0.172509,0.0739096,0.0726351,0.415341,0.271863,0.269509,0.262331,0.370793,0.370198,0.369205,0.367818,0.366037,0.363863,0.3613,0.358351,0.355017,0.351303,0.347213,0.342752,0.323275,0.456935,0.456201,0.454978,0.453268,0.451073,0.448395,0.445237,0.441602,0.437494,0.432917,0.427877,0.422379,0.277977,0.392908,0.392277,0.391225,0.389755,0.387868,0.385565,0.382849,0.379723,0.376191,0.372256,0.367922,0.363194,0.722367,0.712586,0.967651,-0.88996,-0.435351,0.209547,9.74541,1641
H,0.205,0.54,0.255,0.0,0.0,0.0,0.0,0.0,0.0,0.0,0.985,0.015,0.0,0.0,0.0,0.0,0.0,0.0,0.0,0.0,0.87,0.04,0.045,0.03,0.015,0.0,0.0,0.0,0.0,0.0,-1.56181,-7.63913,-4.40057,34.8214,31.2698,38.0392,1.9825,0.931412,1.68791,0.184894,0.100738,0.188613,0.429993,0.317392,0.434296,0.232456,0.328567,0.328039,0.32716,0.32593,0.324352,0.322426,0.320155,0.317541,0.314587,0.311296,0.307672,0.303719,0.343225,0.485133,0.484354,0.483056,0.48124,0.47891,0.476066,0.472713,0.468854,0.464492,0.459633,0.454282,0.448445,0.334178,0.472347,0.471588,0.470324,0.468557,0.466287,0.463519,0.460254,0.456496,0.45225,0.447519,0.442309,0.436625,0.374955,0.100728,0.905849,-0.820499,-0.759056,0.685857,9.79221,1641
H,0.515,0.475,0.01,0.0,0.0,0.0,0.0,0.0,0.0,0.0,1.0,0.0,0.0,0.0,0.0,0.0,0.0,0.0,0.0,0.0,0.495,0.465,0.04,0.0,0.0,0.0,0.0,0.0,0.0,0.0,-3.22822,-8.10669,-2.82448,47.5,34.2105,40.8333,2.41153,1.10303,1.58109,0.18525,0.0915532,0.125392,0.430406,0.302578,0.354108,0.236945,0.334911,0.334373,0.333477,0.332223,0.330615,0.328652,0.326337,0.323672,0.320661,0.317307,0.313613,0.309583,0.356971,0.504563,0.503753,0.502403,0.500515,0.498091,0.495133,0.491646,0.487632,0.483096,0.478042,0.472477,0.466406,0.264256,0.373514,0.372914,0.371915,0.370517,0.368723,0.366533,0.363952,0.36098,0.357622,0.353881,0.349761,0.345267,0.691135,0.504384,0.833454,-0.760959,-0.457315,-0.0341366,9.77401,1641
H,0.565,0.435,0.0,0.0,0.0,0.0,0.0,0.0,0.0,0.0,1.0,0.0,0.0,0.0,0.0,0.0,0.0,0.0,0.0,0.0,0.455,0.535,0.01,0.0,0.0,0.0,0.0,0.0,0.0,0.0,-3.67666,-8.06047,-2.4962,54.8571,41.2766,52.1622,2.39313,1.30928,1.21466,0.184365,0.111735,0.101395,0.429378,0.334268,0.318426,0.250343,0.353849,0.353281,0.352334,0.35101,0.34931,0.347236,0.34479,0.341975,0.338794,0.33525,0.331347,0.327089,0.355865,0.503,0.502192,0.500846,0.498964,0.496547,0.493599,0.490123,0.486121,0.481599,0.476561,0.471013,0.46496,0.261666,0.369854,0.369259,0.36827,0.366886,0.365109,0.362941,0.360385,0.357443,0.354117,0.350413,0.346334,0.341883,0.700223,0.619655,0.860621,-0.90084,-0.30421,0.101289,9.79081,1641
H,0.595,0.39,0.015,0.0,0.0,0.0,0.0,0.0,0.0,0.0,1.0,0.0,0.0,0.0,0.0,0.0,0.0,0.0,0.0,0.0,0.505,0.31,0.16,0.025,0.0,0.0,0.0,0.0,0.0,0.0,-4.13752,-7.53658,-2.27207,56.7647,37.5,47.8049,2.64451,1.55811,1.98383,0.204914,0.133214,0.168041,0.452674,0.364986,0.409928,0.266928,0.377291,0.376685,0.375675,0.374263,0.372451,0.370239,0.367632,0.36463,0.361238,0.357459,0.353298,0.348758,0.35997,0.508803,0.507985,0.506624,0.50472,0.502276,0.499293,0.495777,0.491729,0.487155,0.482059,0.476446,0.470324,0.305316,0.431551,0.430858,0.429703,0.428088,0.426015,0.423486,0.420503,0.417069,0.41319,0.408867,0.404107,0.398915,0.670129,0.332033,0.739724,-0.894873,-0.564302,0.395351,9.81391,1641
H,0.475,0.525,0.0,0.0,0.0,0.0,0.0,0.0,0.0,0.0,1.0,0.0,0.0,0.0,0.0,0.0,0.0,0.0,0.0,0.0,0.635,0.365,0.0,0.0,0.0,0.0,0.0,0.0,0.0,0.0,-3.23593,-7.99804,-3.33738,47.5676,34.386,50.2632,2.05129,1.3536,1.30008,0.162302,0.114658,0.109494,0.402867,0.338611,0.330899,0.275055,0.388778,0.388153,0.387113,0.385658,0.38379,0.381512,0.378824,0.375731,0.372236,0.368342,0.364054,0.359376,0.35014,0.494907,0.494112,0.492788,0.490936,0.488558,0.485658,0.482237,0.4783,0.47385,0.468893,0.463435,0.457479,0.272608,0.385319,0.3847,0.383669,0.382227,0.380376,0.378118,0.375455,0.372389,0.368925,0.365066,0.360816,0.356179,0.697705,0.757542,0.858884,-0.884509,0.072516,-0.360451,9.78227,1641
H,0.76,0.24,0.0,0.0,0.0,0.0,0.0,0.0,0.0,0.0,0.85,0.065,0.08,0.005,0.0,0.0,0.0,0.0,0.0,0.0,0.505,0.285,0.07,0.13,0.01,0.0,0.0,0.0,0.0,0.0,-4.66736,-6.70054,-1.98308,47.4359,42.1739,63.1034,2.25436,2.67436,2.5128,0.175375,0.239811,0.221205,0.418778,0.489705,0.470324,0.328528,0.46436,0.463614,0.462372,0.460634,0.458403,0.455682,0.452472,0.448778,0.444603,0.439952,0.43483,0.429243,0.384361,0.543278,0.542405,0.540951,0.538918,0.536309,0.533124,0.529369,0.525047,0.520163,0.514722,0.508729,0.502192,0.343644,0.485725,0.484945,0.483645,0.481828,0.479494,0.476647,0.47329,0.469426,0.465059,0.460194,0.454837,0.448992,0.609036,0.230218,0.764539,-0.844013,-0.612058,0.752044,9.85887,1641
H,0.875,0.125,0.0,0.0,0.0,0.0,0.0,0.0,0.0,0.0,0.82,0.165,0.015,0.0,0.0,0.0,0.0,0.0,0.0,0.0,0.37,0.26,0.175,0.195,0.0,0.0,0.0,0.0,0.0,0.0,-5.4237,-6.27671,-1.19251,52.9412,41.4894,86.3636,2.27119,2.64043,2.79323,0.173825,0.215365,0.234203,0.416924,0.464074,0.483945,0.339903,0.480438,0.479667,0.478381,0.476583,0.474275,0.471459,0.468139,0.464316,0.459997,0.455185,0.449886,0.444105,0.343404,0.485387,0.484607,0.483309,0.481492,0.47916,0.476316,0.472961,0.469099,0.464735,0.459874,0.45452,0.448679,0.31978,0.451995,0.451269,0.450059,0.448368,0.446196,0.443547,0.440423,0.436827,0.432764,0.428237,0.423251,0.417812,0.654569,-0.0077822,0.639449,-0.9148,-0.814405,0.814804,9.7971,1641
H,0.705,0.295,0.0,0.0,0.0,0.0,0.0,0.0,0.0,0.0,0.955,0.03,0.015,0.0,0.0,0.0,0.0,0.0,0.0,0.0,0.6,0.265,0.095,0.04,0.0,0.0,0.0,0.0,0.0,0.0,-3.98989,-7.72281,-2.63348,48.6842,34.8148,50.7895,1.69406,1.57936,1.67602,0.14403,0.152466,0.156606,0.379513,0.390469,0.395735,0.290701,0.410893,0.410233,0.409133,0.407596,0.405622,0.403213,0.400373,0.397104,0.39341,0.389295,0.384763,0.379819,0.355922,0.50308,0.502272,0.500926,0.499043,0.496626,0.493678,0.4902,0.486198,0.481675,0.476637,0.471088,0.465034,0.311391,0.440137,0.43943,0.438253,0.436606,0.434491,0.431912,0.428869,0.425368,0.421411,0.417003,0.412148,0.406852,0.756231,0.512622,0.841568,-0.831032,-0.577535,0.603348,9.78244,1641
H,0.79,0.21,0.0,0.0,0.0,0.0,0.0,0.0,0.0,0.0,0.94,0.05,0.01,0.0,0.0,0.0,0.0,0.0,0.0,0.0,0.515,0.21,0.085,0.17,0.02,0.0,0.0,0.0,0.0,0.0,-4.66915,-6.83956,-2.02727,48.0,43.5556,74.8,2.07473,2.24536,2.94166,0.160945,0.189058,0.256423,0.40118,0.434808,0.506382,0.293155,0.414362,0.413696,0.412588,0.411037,0.409046,0.406618,0.403754,0.400457,0.396732,0.392582,0.388012,0.383026,0.371268,0.524771,0.523928,0.522524,0.52056,0.518039,0.514963,0.511336,0.507161,0.502444,0.497188,0.491399,0.485085,0.371623,0.525272,0.524429,0.523023,0.521058,0.518534,0.515455,0.511825,0.507646,0.502924,0.497663,0.491869,0.485548,0.704878,0.176382,0.653661,-0.829348,-0.685633,0.626783,9.85302,1641
H,1.0,0.0,0.0,0.0,0.0,0.0,0.0,0.0,0.0,0.0,1.0,0.0,0.0,0.0,0.0,0.0,0.0,0.0,0.0,0.0,0.485,0.36,0.145,0.01,0.0,0.0,0.0,0.0,0.0,0.0,-5.3591,-7.1045,-2.66935,49.2308,34.9091,61.0,1.28964,1.08107,2.12073,0.105843,0.0941259,0.176347,0.325335,0.306799,0.419937,0.288211,0.407374,0.406719,0.405629,0.404105,0.402148,0.39976,0.396944,0.393704,0.390041,0.385961,0.381468,0.376566,0.334205,0.472384,0.471625,0.470361,0.468594,0.466324,0.463555,0.46029,0.456532,0.452285,0.447554,0.442344,0.43666,0.334045,0.472158,0.471399,0.470136,0.468369,0.466101,0.463334,0.46007,0.456314,0.452069,0.44734,0.442132,0.436451,0.907909,0.613475,0.736374,-0.782259,-0.491682,0.144463,9.80316,1641
H,0.84,0.16,0.0,0.0,0.0,0.0,0.0,0.0,0.0,0.0,0.92,0.075,0.005,0.0,0.0,0.0,0.0,0.0,0.0,0.0,0.445,0.15,0.145,0.15,0.06,0.05,0.0,0.0,0.0,0.0,-5.05025,-6.55538,-0.580157,45.3488,41.3043,76.4,1.84906,2.38136,3.51207,0.154111,0.199058,0.288593,0.39257,0.446159,0.537208,0.318967,0.450846,0.450121,0.448915,0.447228,0.445062,0.44242,0.439303,0.435717,0.431664,0.427148,0.422175,0.41675,0.387041,0.547066,0.546187,0.544723,0.542676,0.540048,0.536841,0.53306,0.528708,0.52379,0.51831,0.512276,0.505694,0.35978,0.508533,0.507716,0.506356,0.504453,0.50201,0.499029,0.495514,0.491469,0.486897,0.481803,0.476194,0.470075,0.725932,-0.0832352,0.395194,-0.752916,-0.541566,0.680587,9.84447,1641
H,0.965,0.035,0.0,0.0,0.0,0.0,0.0,0.0,0.0,0.0,0.895,0.1,0.005,0.0,0.0,0.0,0.0,0.0,0.0,0.0,0.42,0.36,0.08,0.14,0.0,0.0,0.0,0.0,0.0,0.0,-5.25549,-6.9705,-1.72241,43.3333,41.0638,57.0588,1.50132,1.96101,2.30425,0.127777,0.185586,0.208664,0.357459,0.430797,0.456797,0.304788,0.430805,0.430113,0.42896,0.427348,0.425278,0.422753,0.419776,0.416348,0.412475,0.408161,0.403409,0.398225,0.37282,0.526965,0.526118,0.524708,0.522736,0.520205,0.517116,0.513474,0.509281,0.504544,0.499266,0.493454,0.487113,0.329196,0.465305,0.464557,0.463312,0.461571,0.459336,0.456608,0.453392,0.44969,0.445507,0.440847,0.435715,0.430116,0.787207,0.275062,0.695775,-0.853559,-0.718041,0.736093,9.85102,1641
I,1.0,0.0,0.0,0.0,0.0,0.0,0.0,0.0,0.0,0.0,0.905,0.095,0.0,0.0,0.0,0.0,0.0,0.0,0.0,0.0,0.06,0.015,0.1,0.645,0.18,0.0,0.0,0.0,0.0,0.0,-7.80255,-4.06469,3.10071,36.5385,35.5556,38.4,1.03682,1.00984,1.36822,0.0923911,0.100785,0.164059,0.303959,0.317467,0.405041,0.272438,0.385079,0.38446,0.38343,0.381989,0.380139,0.377882,0.37522,0.372157,0.368695,0.364838,0.360591,0.355957,0.320896,0.453572,0.452843,0.45163,0.449932,0.447753,0.445095,0.44196,0.438352,0.434274,0.429731,0.424728,0.41927,0.306417,0.433106,0.432411,0.431252,0.429631,0.42755,0.425012,0.422018,0.418573,0.414679,0.410341,0.405564,0.400352,0.882715,-0.822807,-0.6684,-0.878098,-0.334868,0.439664,9.79962,1641
I,0.79,0.21,0.0,0.0,0.0,0.0,0.0,0.0,0.0,0.0,0.965,0.035,0.0,0.0,0.0,0.0,0.0,0.0,0.0,0.0,0.0,0.0,0.015,0.21,0.7,0.075,0.0,0.0,0.0,0.0,-4.80954,-5.58305,5.63098,37.5,33.2203,40.8333,1.97018,0.947014,1.05906,0.175948,0.0931168,0.100919,0.419461,0.30515,0.317677,0.327104,0.462348,0.461605,0.460368,0.458638,0.456417,0.453707,0.450511,0.446833,0.442676,0.438045,0.432946,0.427382,0.294787,0.416669,0.416,0.414885,0.413326,0.411324,0.408882,0.406002,0.402687,0.398941,0.394768,0.390172,0.385158,0.26225,0.370679,0.370084,0.369092,0.367705,0.365924,0.363752,0.361189,0.358241,0.354908,0.351195,0.347107,0.342646,0.79048,-0.76509,-0.973709,-0.701234,0.849109,-0.536305,9.78545,1641
I,1.0,0.0,0.0,0.0,0.0,0.0,0.0,0.0,0.0,0.0,0.1,0.885,0.01,0.005,0.0,0.0,0.0,0.0,0.0,0.0,0.0,0.0,0.005,0.09,0.905,0.0,0.0,0.0,0.0,0.0,-8.003,-1.3378,5.3693,28.8235,28.2353,42.5,0.0697995,0.996225,0.503686,0.00675056,0.0909268,0.057416,0.0821618,0.301541,0.239616,0.316835,0.447832,0.447112,0.445914,0.444238,0.442087,0.439462,0.436367,0.432804,0.428778,0.424293,0.419353,0.413964,0.27124,0.383385,0.382769,0.381744,0.380309,0.378467,0.37622,0.37357,0.37052,0.367073,0.363234,0.359005,0.354392,0.23685,0.334777,0.33424,0.333344,0.332091,0.330483,0.328521,0.326207,0.323543,0.320534,0.317181,0.313488,0.30946,0.725363,-0.98738,-0.624768,0.539788,0.732854,0.850022,9.84745,1641
I,1.0,0.0,0.0,0.0,0.0,0.0,0.0,0.0,0.0,0.0,0.965,0.035,0.0,0.0,0.0,0.0,0.0,0.0,0.0,0.0,0.0,0.0,0.0,0.8,0.2,0.0,0.0,0.0,0.0,0.0,-7.96541,-3.03311,4.84116,32.0,30.3077,39.0,0.25053,0.239808,0.392938,0.0278123,0.0219941,0.0410428,0.16677,0.148304,0.20259,0.30659,0.433351,0.432655,0.431495,0.429874,0.427792,0.425252,0.422257,0.418809,0.414913,0.410573,0.405793,0.400579,0.184488,0.260766,0.260347,0.259649,0.258673,0.25742,0.255892,0.25409,0.252015,0.249671,0.247059,0.244183,0.241045,0.274658,0.388217,0.387593,0.386555,0.385102,0.383237,0.380962,0.378278,0.37519,0.3717,0.367811,0.363529,0.358858,0.99205,-0.986351,-0.988482,-0.302485,0.907896,-0.0636605,9.83161,1641
I,0.83,0.17,0.0,0.0,0.0,0.0,0.0,0.0,0.0,0.0,1.0,0.0,0.0,0.0,0.0,0.0,0.0,0.0,0.0,0.0,0.665,0.015,0.015,0.055,0.085,0.16,0.005,0.0,0.0,0.0,-5.76737,-4.90877,-0.65919,32.1667,33.3898,38.4,1.92367,0.80608,4.9622,0.174197,0.0740411,0.396582,0.417369,0.272105,0.629747,0.320531,0.453056,0.452328,0.451116,0.449421,0.447244,0.444589,0.441457,0.437853,0.43378,0.429242,0.424245,0.418794,0.282075,0.3987,0.39806,0.396993,0.395501,0.393586,0.391249,0.388493,0.385321,0.381737,0.377744,0.373346,0.368549,0.325713,0.460381,0.459641,0.458409,0.456687,0.454475,0.451776,0.448594,0.444932,0.440793,0.436182,0.431104,0.425564,0.9305,0.409976,0.201058,0.3797,0.775719,0.419396,9.81184,1641
I,1.0,0.0,0.0,0.0,0.0,0.0,0.0,0.0,0.0,0.0,1.0,0.0,0.0,0.0,0.0,0.0,0.0,0.0,0.0,0.0,1.0,0.0,0.0,0.0,0.0,0.0,0.0,0.0,0.0,0.0,-7.45329,-5.49601,-3.20105,29.1045,32.6667,35.3704,0.0629722,0.164891,0.098531,0.0071476,0.0174504,0.00944821,0.0845435,0.1321,0.0972019,0.305646,0.432017,0.431323,0.430167,0.428551,0.426475,0.423943,0.420957,0.41752,0.413636,0.409309,0.404544,0.399346,0.265131,0.374751,0.374149,0.373146,0.371744,0.369943,0.367747,0.365157,0.362175,0.358806,0.355053,0.350919,0.34641,0.192871,0.272615,0.272177,0.271448,0.270428,0.269118,0.26752,0.265636,0.263467,0.261016,0.258286,0.255279,0.251999,0.998993,0.99909,0.998367,0.151015,0.0915718,0.129863,9.80109,1641
I,0.81,0.185,0.005,0.0,0.0,0.0,0.0,0.0,0.0,0.0,0.995,0.005,0.0,0.0,0.0,0.0,0.0,0.0,0.0,0.0,0.36,0.28,0.08,0.05,0.155,0.075,0.0,0.0,0.0,0.0,-5.73317,-6.21118,0.194774,33.9655,32.8333,43.5556,2.11671,0.804105,3.73148,0.184576,0.0914746,0.310523,0.429624,0.302448,0.557246,0.380573,0.537924,0.53706,0.53562,0.533607,0.531023,0.52787,0.524152,0.519873,0.515037,0.509649,0.503716,0.497243,0.348606,0.492739,0.491948,0.490629,0.488786,0.486418,0.48353,0.480125,0.476205,0.471775,0.46684,0.461405,0.455476,0.306884,0.433767,0.43307,0.43191,0.430286,0.428203,0.42566,0.422662,0.419211,0.415312,0.410967,0.406183,0.400963,0.889515,0.252152,-0.0734724,-0.0174313,0.706531,-0.147736,9.88056,1641
I,0.51,0.395,0.09,0.005,0.0,0.0,0.0,0.0,0.0,0.0,0.935,0.03,0.035,0.0,0.0,0.0,0.0,0.0,0.0,0.0,0.23,0.095,0.185,0.29,0.2,0.0,0.0,0.0,0.0,0.0,-4.02039,-6.64403,1.1885,36.7308,34.4643,46.3415,3.50609,2.06534,3.28336,0.258331,0.184469,0.280887,0.508263,0.429498,0.529988,0.315788,0.446353,0.445636,0.444442,0.442772,0.440627,0.438011,0.434926,0.431375,0.427362,0.422892,0.417968,0.412598,0.344442,0.486853,0.486071,0.484769,0.482947,0.480608,0.477754,0.474389,0.470516,0.466139,0.461263,0.455893,0.450035,0.367445,0.519368,0.518534,0.517144,0.515201,0.512705,0.509661,0.506071,0.50194,0.49727,0.492069,0.48634,0.48009,0.51133,-0.296263,-0.141844,-0.722351,-0.130572,0.356887,9.83278,1641
I,0.36,0.57,0.07,0.0,0.0,0.0,0.0,0.0,0.0,0.0,0.97,0.03,0.0,0.0,0.0,0.0,0.0,0.0,0.0,0.0,0.0,0.045,0.13,0.395,0.43,0.0,0.0,0.0,0.0,0.0,-3.19146,-6.99205,4.25738,46.1905,37.8431,42.1739,3.02208,1.79261,1.53301,0.240292,0.156014,0.134824,0.490196,0.394986,0.367184,0.330056,0.46652,0.465771,0.464522,0.462777,0.460536,0.457801,0.454577,0.450865,0.446671,0.441999,0.436853,0.431239,0.32172,0.454738,0.454007,0.452791,0.451089,0.448904,0.446239,0.443096,0.439478,0.43539,0.430836,0.42582,0.420348,0.31148,0.440264,0.439557,0.438379,0.436731,0.434616,0.432036,0.428993,0.42549,0.421532,0.417122,0.412266,0.406969,0.474277,-0.463033,-0.888034,-0.814066,0.542886,-0.143793,9.83961,1641
I,0.765,0.235,0.0,0.0,0.0,0.0,0.0,0.0,0.0,0.0,0.945,0.05,0.005,0.0,0.0,0.0,0.0,0.0,0.0,0.0,0.025,0.235,0.19,0.17,0.3,0.08,0.0,0.0,0.0,0.0,-4.92329,-6.29977,3.02859,41.3043,41.7021,47.75,2.35665,1.93099,3.04526,0.184155,0.173867,0.238543,0.429133,0.416974,0.488409,0.239451,0.338454,0.337911,0.337005,0.335738,0.334113,0.332129,0.329789,0.327097,0.324054,0.320664,0.316931,0.312858,0.369042,0.521625,0.520787,0.519391,0.517439,0.514933,0.511876,0.50827,0.504121,0.499431,0.494207,0.488453,0.482176,0.293785,0.415252,0.414585,0.413473,0.41192,0.409925,0.407491,0.404621,0.401317,0.397584,0.393425,0.388845,0.383848,0.701345,-0.559214,-0.502551,-0.718171,0.089947,0.442667,9.83757,1641
I,0.4,0.6,0.0,0.0,0.0,0.0,0.0,0.0,0.0,0.0,0.895,0.095,0.01,0.0,0.0,0.0,0.0,0.0,0.0,0.0,0.0,0.0,0.09,0.345,0.06,0.445,0.06,0.0,0.0,0.0,-3.75284,-4.04487,6.43299,35.9259,35.1786,38.9796,3.29297,1.37213,2.76477,0.24439,0.145969,0.21026,0.494358,0.382058,0.458542,0.308498,0.436049,0.435349,0.434182,0.43255,0.430455,0.4279,0.424886,0.421417,0.417497,0.413129,0.40832,0.403073,0.32754,0.462964,0.46222,0.460981,0.459249,0.457025,0.454311,0.451111,0.447428,0.443266,0.438629,0.433523,0.427952,0.274877,0.388527,0.387903,0.386863,0.385409,0.383543,0.381266,0.37858,0.375489,0.371996,0.368105,0.363819,0.359144,0.573075,-0.466132,-0.742892,-0.26665,0.70916,0.344058,9.82487,1641
I,0.61,0.325,0.065,0.0,0.0,0.0,0.0,0.0,0.0,0.0,0.82,0.11,0.045,0.01,0.015,0.0,0.0,0.0,0.0,0.0,0.06,0.115,0.435,0.185,0.175,0.03,0.0,0.0,0.0,0.0,-5.05653,-5.62952,2.17887,35.6364,33.5714,41.4894,3.39584,3.27563,2.4435,0.25816,0.282404,0.218154,0.508094,0.531417,0.467069,0.366014,0.517345,0.516514,0.51513,0.513194,0.510709,0.507676,0.504101,0.499985,0.495334,0.490152,0.484446,0.478221,0.408406,0.577264,0.576337,0.574792,0.572632,0.569859,0.566476,0.562485,0.557893,0.552703,0.546922,0.540554,0.533608,0.36539,0.516463,0.515633,0.514251,0.512319,0.509838,0.506811,0.503241,0.499132,0.494489,0.489316,0.48362,0.477405,0.408402,-0.353133,-0.452154,-0.746504,0.23962,0.0388232,9.96158,1641
I,0.925,0.075,0.0,0.0,0.0,0.0,0.0,0.0,0.0,0.0,0.815,0.075,0.095,0.015,0.0,0.0,0.0,0.0,0.0,0.0,0.035,0.22,0.46,0.11,0.17,0.005,0.0,0.0,0.0,0.0,-7.03905,-5.04076,1.61212,33.7931,32.1667,41.7021,1.34787,2.17399,2.19096,0.145343,0.19944,0.192497,0.381239,0.446587,0.438745,0.291883,0.412564,0.411902,0.410798,0.409254,0.407272,0.404854,0.402002,0.39872,0.395011,0.390879,0.386328,0.381364,0.350982,0.496097,0.4953,0.493973,0.492116,0.489733,0.486825,0.483396,0.47945,0.47499,0.470021,0.464549,0.45858,0.308451,0.435983,0.435282,0.434116,0.432484,0.43039,0.427834,0.424821,0.421353,0.417433,0.413066,0.408257,0.403011,0.760704,-0.344967,-0.364366,-0.562493,0.597667,0.191119,9.84976,1641
I,0.305,0.67,0.02,0.005,0.0,0.0,0.0,0.0,0.0,0.0,0.985,0.015,0.0,0.0,0.0,0.0,0.0,0.0,0.0,0.0,0.38,0.245,0.095,0.085,0.11,0.085,0.0,0.0,0.0,0.0,-2.31309,-8.11819,0.161184,39.0,34.6429,41.5556,2.02616,1.54499,3.48507,0.172176,0.143694,0.283217,0.414941,0.379069,0.532181,0.289822,0.409651,0.408992,0.407896,0.406364,0.404396,0.401994,0.399163,0.395904,0.392221,0.388118,0.3836,0.378671,0.358747,0.507073,0.506258,0.504901,0.503004,0.500568,0.497596,0.494091,0.490057,0.485498,0.48042,0.474826,0.468725,0.335973,0.474884,0.474121,0.47285,0.471073,0.468792,0.466008,0.462726,0.458948,0.454679,0.449923,0.444685,0.43897,0.553834,-0.180899,0.105218,-0.649153,-0.211484,0.594423,9.81017,1641
I,0.59,0.41,0.0,0.0,0.0,0.0,0.0,0.0,0.0,0.0,0.73,0.215,0.055,0.0,0.0,0.0,0.0,0.0,0.0,0.0,0.0,0.02,0.31,0.195,0.355,0.12,0.0,0.0,0.0,0.0,-5.13221,-4.98203,4.29086,41.7778,32.7119,49.0,3.34919,2.43287,2.22992,0.243236,0.214434,0.177635,0.493189,0.463071,0.421468,0.284356,0.401925,0.401279,0.400204,0.3987,0.396769,0.394413,0.391635,0.388438,0.384824,0.380799,0.376365,0.371529,0.348707,0.492883,0.492091,0.490772,0.488928,0.48656,0.483671,0.480264,0.476343,0.471912,0.466976,0.461539,0.455608,0.299724,0.423647,0.422967,0.421833,0.420248,0.418213,0.41573,0.412802,0.409431,0.405623,0.401379,0.396707,0.391609,0.501223,-0.597892,-0.67879,-0.719675,0.4229,0.222168,9.8325,1641
I,1.0,0.0,0.0,0.0,0.0,0.0,0.0,0.0,0.0,0.0,0.0,0.2,0.8,0.0,0.0,0.0,0.0,0.0,0.0,0.0,0.0,0.0,0.0,0.0,1.0,0.0,0.0,0.0,0.0,0.0,-8.0287,0.153563,5.72064,33.6207,29.2424,39.5918,0.0705596,0.285681,0.0927759,0.00628153,0.026763,0.00824365,0.0792561,0.163594,0.0907945,0.314584,0.444651,0.443936,0.442747,0.441083,0.438947,0.436341,0.433267,0.42973,0.425732,0.421279,0.416374,0.411024,0.0443781,0.0627265,0.0626257,0.0624579,0.0622231,0.0619218,0.0615541,0.0611206,0.0606216,0.0600576,0.0594294,0.0587375,0.0579827,0.26607,0.376078,0.375474,0.374467,0.37306,0.371253,0.369049,0.36645,0.363458,0.360077,0.35631,0.352162,0.347637,-0.378211,-0.99958,0.372438,-0.221558,0.668796,-0.182536,9.86767,1641
I,0.865,0.135,0.0,0.0,0.0,0.0,0.0,0.0,0.0,0.0,0.72,0.23,0.05,0.0,0.0,0.0,0.0,0.0,0.0,0.0,0.0,0.0,0.37,0.14,0.45,0.04,0.0,0.0,0.0,0.0,-6.77761,-3.98774,4.30183,33.6842,37.451,41.5556,2.05423,1.88556,1.84768,0.183022,0.165437,0.14022,0.42781,0.40674,0.37446,0.341844,0.483182,0.482406,0.481113,0.479305,0.476984,0.474152,0.470812,0.466968,0.462624,0.457785,0.452455,0.446641,0.282887,0.399849,0.399206,0.398136,0.39664,0.394719,0.392376,0.389612,0.386431,0.382836,0.378832,0.374421,0.36961,0.273862,0.387092,0.38647,0.385434,0.383986,0.382126,0.379857,0.377182,0.374102,0.370622,0.366745,0.362476,0.357818,0.687981,-0.759082,-0.75509,-0.652342,0.598003,0.133131,9.81389,1641
I,0.635,0.335,0.03,0.0,0.0,0.0,0.0,0.0,0.0,0.0,1.0,0.0,0.0,0.0,0.0,0.0,0.0,0.0,0.0,0.0,0.005,0.465,0.045,0.485,0.0,0.0,0.0,0.0,0.0,0.0,-5.21632,-6.49166,0.927455,31.5,30.625,37.8846,3.73185,2.49476,1.97574,0.274801,0.19489,0.144918,0.524215,0.441463,0.380681,0.28528,0.40323,0.402583,0.401504,0.399995,0.398058,0.395694,0.392907,0.389699,0.386074,0.382036,0.377588,0.372736,0.354363,0.500876,0.500072,0.498732,0.496857,0.494451,0.491515,0.488053,0.484069,0.479566,0.474549,0.469024,0.462997,0.227991,0.322255,0.321737,0.320875,0.319669,0.318121,0.316232,0.314005,0.311441,0.308544,0.305317,0.301762,0.297884,0.519304,-0.778172,-0.0700378,-0.937262,-0.822253,0.869166,9.80812,1641
J,0.69,0.31,0.0,0.0,0.0,0.0,0.0,0.0,0.0,0.0,1.0,0.0,0.0,0.0,0.0,0.0,0.0,0.0,0.0,0.0,0.145,0.46,0.155,0.14,0.1,0.0,0.0,0.0,0.0,0.0,-4.35052,-7.5438,0.17038,44.0909,36.3462,47.8049,2.44774,1.58946,2.46784,0.193127,0.128281,0.219704,0.439462,0.358164,0.468726,0.278319,0.393392,0.39276,0.391707,0.390235,0.388345,0.386039,0.38332,0.380191,0.376654,0.372714,0.368375,0.363641,0.361469,0.510921,0.5101,0.508733,0.506821,0.504367,0.501372,0.497841,0.493776,0.489183,0.484066,0.47843,0.472282,0.328319,0.464064,0.463319,0.462077,0.46034,0.458111,0.455391,0.452183,0.448492,0.44432,0.439672,0.434553,0.428969,0.712239,-0.102347,-0.0069434,-0.894591,-0.105433,0.198282,9.79517,1641
J,0.35,0.65,0.0,0.0,0.0,0.0,0.0,0.0,0.0,0.0,1.0,0.0,0.0,0.0,0.0,0.0,0.0,0.0,0.0,0.0,0.16,0.595,0.16,0.085,0.0,0.0,0.0,0.0,0.0,0.0,-2.78958,-8.84255,-0.904476,32.807,27.7143,51.6667,0.99409,0.940689,1.50807,0.118078,0.104716,0.143655,0.343625,0.323599,0.379019,0.30124,0.425789,0.425105,0.423966,0.422372,0.420327,0.417831,0.414888,0.411501,0.407673,0.403408,0.398712,0.393588,0.327191,0.46247,0.461727,0.46049,0.45876,0.456538,0.453827,0.450631,0.446951,0.442794,0.438162,0.433061,0.427496,0.301357,0.425954,0.42527,0.42413,0.422536,0.42049,0.417994,0.415049,0.411661,0.407831,0.403565,0.398867,0.393741,0.77014,0.202969,0.451864,-0.896924,-0.31116,0.336203,9.77776,1641
J,0.085,0.915,0.0,0.0,0.0,0.0,0.0,0.0,0.0,0.0,0.995,0.005,0.0,0.0,0.0,0.0,0.0,0.0,0.0,0.0,0.465,0.395,0.135,0.005,0.0,0.0,0.0,0.0,0.0,0.0,-1.60504,-9.18663,-2.11399,30.0,29.2424,46.4286,0.447887,0.525269,1.22899,0.0508151,0.0729926,0.115087,0.225422,0.270171,0.339245,0.23101,0.326522,0.325998,0.325124,0.323902,0.322334,0.32042,0.318163,0.315565,0.31263,0.309359,0.305758,0.301829,0.346415,0.489642,0.488856,0.487546,0.485713,0.483361,0.480491,0.477107,0.473212,0.46881,0.463905,0.458505,0.452613,0.229692,0.324659,0.324138,0.323269,0.322054,0.320495,0.318592,0.316348,0.313765,0.310846,0.307594,0.304013,0.300107,0.878651,0.562079,0.790344,-0.620939,-0.646254,0.0430896,9.75994,1641
J,0.095,0.905,0.0,0.0,0.0,0.0,0.0,0.0,0.0,0.0,1.0,0.0,0.0,0.0,0.0,0.0,0.0,0.0,0.0,0.0,0.27,0.705,0.025,0.0,0.0,0.0,0.0,0.0,0.0,0.0,-1.95764,-9.06095,-2.19967,30.7937,31.2903,35.7407,0.862826,0.702209,0.575009,0.110637,0.0906434,0.0653293,0.332621,0.30107,0.255596,0.242546,0.342828,0.342277,0.34136,0.340077,0.33843,0.336421,0.334051,0.331324,0.328242,0.324808,0.321027,0.316902,0.354786,0.501475,0.500669,0.499328,0.497451,0.495042,0.492103,0.488637,0.484647,0.480139,0.475116,0.469585,0.463551,0.228355,0.32277,0.322252,0.321388,0.32018,0.31863,0.316738,0.314507,0.311939,0.309037,0.305805,0.302244,0.298361,0.693886,0.749194,0.902332,-0.90979,0.119893,-0.194564,9.77013,1641
J,0.015,0.985,0.0,0.0,0.0,0.0,0.0,0.0,0.0,0.0,1.0,0.0,0.0,0.0,0.0,0.0,0.0,0.0,0.0,0.0,0.105,0.895,0.0,0.0,0.0,0.0,0.0,0.0,0.0,0.0,-1.42125,-9.41923,-2.0453,28.9394,26.4384,34.2593,0.220624,0.234875,0.399186,0.0329997,0.0303476,0.0509982,0.181658,0.174206,0.225828,0.200926,0.284001,0.283544,0.282784,0.281722,0.280357,0.278693,0.27673,0.27447,0.271917,0.269073,0.26594,0.262523,0.335962,0.474868,0.474105,0.472835,0.471058,0.468777,0.465993,0.462711,0.458933,0.454664,0.449908,0.44467,0.438956,0.241896,0.341909,0.34136,0.340445,0.339166,0.337523,0.335519,0.333156,0.330436,0.327362,0.323938,0.320166,0.316052,0.940878,0.938636,0.935946,-0.57941,0.410807,-0.406994,9.78424,1641
J,0.995,0.005,0.0,0.0,0.0,0.0,0.0,0.0,0.0,0.0,1.0,0.0,0.0,0.0,0.0,0.0,0.0,0.0,0.0,0.0,0.025,0.075,0.05,0.625,0.225,0.0,0.0,0.0,0.0,0.0,-4.30343,-7.31642,3.90933,33.5088,31.4754,38.9583,1.12597,0.73633,1.43445,0.135055,0.0770204,0.152872,0.367499,0.277525,0.390988,0.357789,0.505719,0.504906,0.503553,0.501661,0.499231,0.496267,0.492772,0.488748,0.484202,0.479137,0.473559,0.467473,0.323953,0.457894,0.457158,0.455933,0.45422,0.45202,0.449336,0.446171,0.442528,0.438412,0.433826,0.428775,0.423265,0.27901,0.394368,0.393734,0.392679,0.391204,0.389309,0.386997,0.384272,0.381134,0.377589,0.373639,0.369289,0.364544,0.865942,-0.650916,-0.907914,-0.638084,0.758672,-0.594363,9.78733,1641
J,0.975,0.025,0.0,0.0,0.0,0.0,0.0,0.0,0.0,0.0,1.0,0.0,0.0,0.0,0.0,0.0,0.0,0.0,0.0,0.0,0.0,0.0,0.45,0.55,0.0,0.0,0.0,0.0,0.0,0.0,-3.00076,-8.85611,2.68142,34.6429,28.7879,37.5,0.296823,0.353902,0.655679,0.0251066,0.0301673,0.0556941,0.158451,0.173687,0.235996,0.200323,0.283147,0.282692,0.281935,0.280875,0.279515,0.277855,0.275898,0.273646,0.2711,0.268264,0.265141,0.261734,0.328683,0.464579,0.463832,0.462589,0.460851,0.458619,0.455896,0.452685,0.448989,0.444812,0.440159,0.435035,0.429445,0.215691,0.30487,0.30438,0.303565,0.302424,0.300959,0.299172,0.297065,0.29464,0.291899,0.288846,0.285483,0.281814,0.987967,-0.972379,-0.948328,-0.699477,-0.590689,0.739241,9.7725,1641
J,0.425,0.575,0.0,0.0,0.0,0.0,0.0,0.0,0.0,0.0,1.0,0.0,0.0,0.0,0.0,0.0,0.0,0.0,0.0,0.0,0.23,0.38,0.375,0.015,0.0,0.0,0.0,0.0,0.0,0.0,-2.75878,-8.65403,-0.728585,39.3878,29.6875,48.7179,1.98372,1.18332,1.71125,0.18049,0.109046,0.137873,0.424841,0.330221,0.371313,0.220524,0.311701,0.311201,0.310367,0.3092,0.307703,0.305876,0.303721,0.301242,0.298439,0.295318,0.291879,0.288129,0.352927,0.498846,0.498045,0.49671,0.494844,0.492447,0.489523,0.486075,0.482107,0.477622,0.472626,0.467123,0.461121,0.242986,0.343451,0.342899,0.34198,0.340695,0.339045,0.337032,0.334658,0.331926,0.328838,0.325398,0.32161,0.317477,0.614011,-0.127479,0.408164,-0.911656,-0.604248,0.386789,9.77595,1641
J,0.26,0.74,0.0,0.0,0.0,0.0,0.0,0.0,0.0,0.0,1.0,0.0,0.0,0.0,0.0,0.0,0.0,0.0,0.0,0.0,0.52,0.3,0.135,0.045,0.0,0.0,0.0,0.0,0.0,0.0,-2.30034,-8.59904,-1.90559,39.0,29.2424,48.5,2.12317,1.13933,1.66589,0.181493,0.101902,0.148082,0.42602,0.319221,0.384814,0.203431,0.287541,0.287079,0.28631,0.285234,0.283852,0.282167,0.28018,0.277892,0.275307,0.272427,0.269255,0.265796,0.355272,0.502161,0.501355,0.500011,0.498132,0.49572,0.492776,0.489305,0.485311,0.480796,0.475767,0.470228,0.464185,0.282969,0.399964,0.399322,0.398251,0.396755,0.394833,0.392489,0.389724,0.386543,0.382947,0.378941,0.374529,0.369717,0.546858,0.0542191,0.744477,-0.904827,-0.71707,0.66027,9.78193,1641
J,0.0,0.745,0.255,0.0,0.0,0.0,0.0,0.0,0.0,0.0,1.0,0.0,0.0,0.0,0.0,0.0,0.0,0.0,0.0,0.0,0.57,0.43,0.0,0.0,0.0,0.0,0.0,0.0,0.0,0.0,-0.538923,-9.25627,-2.88352,30.3077,28.2353,35.0909,0.400246,0.256569,0.759345,0.0318968,0.022577,0.0617354,0.178597,0.150257,0.248466,0.0255519,0.0361165,0.0360585,0.0359618,0.0358267,0.0356532,0.0354415,0.0351919,0.0349045,0.0345798,0.0342181,0.0338197,0.0333852,0.334783,0.473201,0.47244,0.471174,0.469404,0.46713,0.464357,0.461086,0.457322,0.453067,0.448328,0.443109,0.437415,0.225669,0.318973,0.31846,0.317607,0.316413,0.314881,0.313012,0.310807,0.308269,0.305402,0.302207,0.298689,0.29485,0.780161,0.581409,0.949209,0.623131,-0.819976,-0.732078,9.76254,1641
J,0.0,0.765,0.235,0.0,0.0,0.0,0.0,0.0,0.0,0.0,1.0,0.0,0.0,0.0,0.0,0.0,0.0,0.0,0.0,0.0,1.0,0.0,0.0,0.0,0.0,0.0,0.0,0.0,0.0,0.0,-0.0421499,-8.85698,-4.07161,28.3582,31.3115,32.5424,0.0539426,0.103267,0.266606,0.00488388,0.00954283,0.024075,0.0698847,0.0976874,0.155161,-0.111314,-0.157337,-0.157085,-0.156664,-0.156075,-0.155319,-0.154397,-0.153309,-0.152058,-0.150643,-0.149067,-0.147332,-0.145439,0.327094,0.462333,0.46159,0.460353,0.458623,0.456402,0.453692,0.450496,0.446818,0.442662,0.438031,0.432932,0.427368,0.234762,0.331826,0.331293,0.330405,0.329163,0.327569,0.325624,0.323331,0.320691,0.317708,0.314384,0.310724,0.306731,0.521572,0.517821,0.995399,0.0545488,-0.0181326,-0.793458,9.75485,1641
J,0.095,0.485,0.42,0.0,0.0,0.0,0.0,0.0,0.0,0.0,0.98,0.015,0.005,0.0,0.0,0.0,0.0,0.0,0.0,0.0,0.89,0.01,0.03,0.07,0.0,0.0,0.0,0.0,0.0,0.0,-0.696952,-8.43449,-3.52562,28.5294,32.3333,35.0,1.22287,0.723996,1.31241,0.150617,0.106917,0.15303,0.388095,0.326981,0.391191,0.30153,0.4262,0.425515,0.424375,0.42278,0.420732,0.418234,0.415288,0.411898,0.408066,0.403797,0.399096,0.393968,0.315496,0.445939,0.445223,0.44403,0.442361,0.440219,0.437605,0.434523,0.430975,0.426966,0.422499,0.417581,0.412215,0.270639,0.382537,0.381922,0.380899,0.379467,0.37763,0.375387,0.372743,0.3697,0.366261,0.36243,0.35821,0.353607,0.154443,-0.191426,0.907837,-0.904285,-0.918041,0.747093,9.76976,1641
J,0.405,0.265,0.33,0.0,0.0,0.0,0.0,0.0,0.0,0.0,0.915,0.04,0.045,0.0,0.0,0.0,0.0,0.0,0.0,0.0,0.56,0.115,0.185,0.14,0.0,0.0,0.0,0.0,0.0,0.0,-2.99797,-7.35875,-1.80334,36.7925,39.2,37.2917,3.34514,2.16732,2.60825,0.261274,0.193227,0.205205,0.51115,0.439575,0.452996,0.336811,0.476067,0.475302,0.474029,0.472247,0.46996,0.46717,0.463879,0.460092,0.455812,0.451044,0.445793,0.440064,0.326978,0.462169,0.461427,0.46019,0.458461,0.456241,0.453532,0.450337,0.44666,0.442505,0.437876,0.432779,0.427218,0.279148,0.394564,0.39393,0.392874,0.391398,0.389502,0.387189,0.384462,0.381323,0.377776,0.373824,0.369472,0.364724,0.355797,-0.194651,0.684605,-0.868774,-0.799305,0.641966,9.78241,1641
J,0.89,0.11,0.0,0.0,0.0,0.0,0.0,0.0,0.0,0.0,1.0,0.0,0.0,0.0,0.0,0.0,0.0,0.0,0.0,0.0,0.065,0.44,0.24,0.24,0.015,0.0,0.0,0.0,0.0,0.0,-5.20928,-7.57282,0.613197,37.8,30.8065,44.4186,1.76812,1.1227,1.93001,0.136844,0.0896822,0.16721,0.369925,0.29947,0.408913,0.237671,0.335938,0.335398,0.3345,0.333243,0.331629,0.32966,0.327338,0.324665,0.321645,0.31828,0.314575,0.310533,0.350863,0.49593,0.495133,0.493806,0.491951,0.489568,0.486661,0.483234,0.479288,0.47483,0.469863,0.464392,0.458425,0.271023,0.383079,0.382464,0.381439,0.380005,0.378165,0.37592,0.373272,0.370224,0.36678,0.362944,0.358718,0.354109,0.871549,-0.110842,-0.298184,-0.920941,0.369194,-0.316598,9.78229,1641
J,0.42,0.58,0.0,0.0,0.0,0.0,0.0,0.0,0.0,0.0,1.0,0.0,0.0,0.0,0.0,0.0,0.0,0.0,0.0,0.0,0.155,0.585,0.075,0.055,0.13,0.0,0.0,0.0,0.0,0.0,-2.8045,-8.54981,-0.31798,32.5862,29.2537,46.75,1.87885,1.18445,2.29529,0.149591,0.0920901,0.211131,0.386769,0.303463,0.45949,0.212362,0.300164,0.299682,0.298879,0.297756,0.296314,0.294555,0.29248,0.290092,0.287393,0.284387,0.281076,0.277464,0.343247,0.485164,0.484385,0.483087,0.481271,0.47894,0.476097,0.472743,0.468884,0.464522,0.459663,0.454311,0.448473,0.294305,0.415987,0.415319,0.414206,0.412649,0.410651,0.408212,0.405337,0.402028,0.398288,0.394122,0.389533,0.384528,0.709736,-0.0381171,0.16708,-0.876605,-0.204831,0.416654,9.79712,1641
J,0.575,0.14,0.285,0.0,0.0,0.0,0.0,0.0,0.0,0.0,0.995,0.005,0.0,0.0,0.0,0.0,0.0,0.0,0.0,0.0,0.17,0.23,0.115,0.245,0.2,0.04,0.0,0.0,0.0,0.0,-2.53845,-8.01997,1.7472,35.1786,36.1538,45.2381,2.14769,1.38694,3.41596,0.174098,0.127812,0.26369,0.41725,0.357508,0.513507,0.29936,0.423132,0.422452,0.42132,0.419737,0.417704,0.415224,0.4123,0.408933,0.405129,0.400891,0.396224,0.391133,0.339273,0.479547,0.478777,0.477494,0.4757,0.473396,0.470585,0.46727,0.463455,0.459144,0.454341,0.449052,0.443281,0.331893,0.469116,0.468363,0.467108,0.465352,0.463098,0.460349,0.457106,0.453374,0.449157,0.444458,0.439284,0.433639,0.593695,-0.724001,-0.265189,-0.69611,-0.665311,0.746863,9.82296,1641
J,1.0,0.0,0.0,0.0,0.0,0.0,0.0,0.0,0.0,0.0,0.98,0.02,0.0,0.0,0.0,0.0,0.0,0.0,0.0,0.0,0.0,0.04,0.15,0.035,0.405,0.37,0.0,0.0,0.0,0.0,-5.19802,-4.73115,5.94386,39.1837,33.5088,43.1111,0.294635,1.56054,2.24211,0.0295993,0.136733,0.199693,0.172044,0.369774,0.44687,0.281599,0.398028,0.397389,0.396324,0.394834,0.392922,0.390589,0.387838,0.384672,0.381093,0.377107,0.372716,0.367927,0.31876,0.450553,0.449829,0.448624,0.446938,0.444773,0.442132,0.439018,0.435434,0.431383,0.426871,0.421901,0.41648,0.262924,0.371631,0.371034,0.37004,0.368649,0.366864,0.364686,0.362117,0.359161,0.35582,0.352098,0.347998,0.343527,0.922222,-0.893971,-0.685436,-0.0151523,0.184268,0.927916,9.82516,1641
J,0.985,0.015,0.0,0.0,0.0,0.0,0.0,0.0,0.0,0.0,1.0,0.0,0.0,0.0,0.0,0.0,0.0,0.0,0.0,0.0,0.005,0.085,0.055,0.305,0.55,0.0,0.0,0.0,0.0,0.0,-3.47006,-7.52747,4.50168,29.5455,28.3582,40.2041,0.566699,0.628279,1.66751,0.0546717,0.0536663,0.16761,0.23382,0.23166,0.409402,0.265034,0.374614,0.374012,0.37301,0.371608,0.369808,0.367613,0.365023,0.362043,0.358675,0.354923,0.350791,0.346284,0.328826,0.464782,0.464035,0.462792,0.461052,0.45882,0.456095,0.452883,0.449185,0.445007,0.440352,0.435225,0.429632,0.232114,0.328082,0.327555,0.326677,0.32545,0.323874,0.321951,0.319683,0.317073,0.314123,0.310837,0.307219,0.303271,0.974068,-0.779691,-0.856794,0.134141,0.828639,0.50441,9.77961,1641
K,0.51,0.49,0.0,0.0,0.0,0.0,0.0,0.0,0.0,0.0,1.0,0.0,0.0,0.0,0.0,0.0,0.0,0.0,0.0,0.0,0.075,0.005,0.165,0.6,0.155,0.0,0.0,0.0,0.0,0.0,-3.86544,-7.44041,2.9402,42.3913,33.1579,31.6393,2.3581,2.13327,1.312,0.177495,0.170868,0.14608,0.421302,0.413362,0.382203,0.272619,0.385335,0.384716,0.383685,0.382243,0.380392,0.378134,0.37547,0.372405,0.368941,0.365081,0.360831,0.356194,0.353831,0.500124,0.499321,0.497983,0.496111,0.493709,0.490777,0.487321,0.483342,0.478846,0.473837,0.46832,0.462302,0.285684,0.403801,0.403153,0.402072,0.400561,0.398621,0.396255,0.393464,0.390251,0.386621,0.382577,0.378123,0.373264,0.640975,-0.778027,-0.687336,-0.931407,-0.293202,0.511703,9.75753,1641
K,0.33,0.67,0.0,0.0,0.0,0.0,0.0,0.0,0.0,0.0,0.995,0.005,0.0,0.0,0.0,0.0,0.0,0.0,0.0,0.0,0.0,0.0,0.41,0.585,0.005,0.0,0.0,0.0,0.0,0.0,-3.04726,-7.86894,2.90538,41.9149,33.9286,34.6429,2.56115,2.07597,0.795642,0.208799,0.173683,0.063664,0.456945,0.416753,0.252317,0.22061,0.311823,0.311322,0.310488,0.309321,0.307823,0.305995,0.30384,0.301359,0.298556,0.295433,0.291993,0.288241,0.3575,0.50531,0.504499,0.503146,0.501256,0.498828,0.495866,0.492374,0.488354,0.483811,0.47875,0.473176,0.467096,0.195945,0.27696,0.276515,0.275774,0.274738,0.273407,0.271784,0.26987,0.267666,0.265176,0.262402,0.259348,0.256015,0.493617,-0.767264,-0.857698,-0.925497,-0.3947,0.613405,9.7426,1641
K,0.465,0.51,0.025,0.0,0.0,0.0,0.0,0.0,0.0,0.0,1.0,0.0,0.0,0.0,0.0,0.0,0.0,0.0,0.0,0.0,0.0,0.0,0.325,0.57,0.105,0.0,0.0,0.0,0.0,0.0,-2.66606,-8.44374,2.88757,36.5385,32.1667,35.0,1.93685,1.08729,0.809626,0.148593,0.107264,0.083766,0.385478,0.327511,0.289423,0.255444,0.361059,0.360479,0.359513,0.358162,0.356428,0.354311,0.351816,0.348943,0.345697,0.342081,0.338099,0.333754,0.318495,0.450178,0.449455,0.448251,0.446566,0.444403,0.441765,0.438653,0.435072,0.431025,0.426516,0.42155,0.416133,0.262637,0.371226,0.370629,0.369636,0.368247,0.366463,0.364288,0.361722,0.358768,0.355431,0.351713,0.347618,0.343151,0.689262,-0.816774,-0.85741,-0.764906,-0.383814,0.792438,9.73197,1641
K,0.445,0.555,0.0,0.0,0.0,0.0,0.0,0.0,0.0,0.0,1.0,0.0,0.0,0.0,0.0,0.0,0.0,0.0,0.0,0.0,0.0,0.215,0.39,0.22,0.175,0.0,0.0,0.0,0.0,0.0,-3.61124,-7.69756,2.24426,38.0851,35.6364,33.2203,2.32956,2.31185,2.10262,0.173903,0.178039,0.168193,0.417017,0.421946,0.410113,0.314642,0.444733,0.444018,0.442828,0.441164,0.439028,0.436421,0.433347,0.429809,0.425811,0.421356,0.416451,0.411099,0.261698,0.369899,0.369305,0.368315,0.366931,0.365154,0.362986,0.360429,0.357487,0.354161,0.350456,0.346376,0.341925,0.294472,0.416224,0.415555,0.414441,0.412884,0.410884,0.408445,0.405568,0.402257,0.398515,0.394346,0.389755,0.384746,0.621622,-0.931905,-0.443896,-0.93688,-0.890733,0.921469,9.75383,1641
K,0.19,0.81,0.0,0.0,0.0,0.0,0.0,0.0,0.0,0.0,0.995,0.005,0.0,0.0,0.0,0.0,0.0,0.0,0.0,0.0,0.0,0.0,0.825,0.065,0.11,0.0,0.0,0.0,0.0,0.0,-2.19791,-8.65808,1.79547,29.697,30.3125,27.7465,1.6724,1.57715,1.0246,0.158277,0.160283,0.100341,0.39784,0.400354,0.316766,0.28409,0.401548,0.400903,0.399829,0.398326,0.396397,0.394044,0.391268,0.388074,0.384464,0.380442,0.376013,0.371181,0.325203,0.459661,0.458922,0.457692,0.455972,0.453764,0.45107,0.447893,0.444236,0.440104,0.4355,0.43043,0.424899,0.235823,0.333326,0.332791,0.331899,0.330652,0.32905,0.327097,0.324793,0.322141,0.319144,0.315806,0.312129,0.308118,0.507671,-0.97649,-0.608953,-0.941338,-0.964693,0.955266,9.74371,1641
K,0.6,0.4,0.0,0.0,0.0,0.0,0.0,0.0,0.0,0.0,1.0,0.0,0.0,0.0,0.0,0.0,0.0,0.0,0.0,0.0,0.0,0.01,0.44,0.375,0.175,0.0,0.0,0.0,0.0,0.0,-4.63689,-6.7493,3.03787,37.5,33.6842,35.9259,2.85463,2.56065,1.72371,0.209677,0.194594,0.129394,0.457905,0.441128,0.359713,0.1936,0.273645,0.273205,0.272473,0.271449,0.270134,0.26853,0.266639,0.264462,0.262002,0.259261,0.256243,0.25295,0.366806,0.518465,0.517632,0.516245,0.514305,0.511814,0.508775,0.505191,0.501067,0.496406,0.491213,0.485494,0.479256,0.17043,0.240895,0.240508,0.239863,0.238962,0.237804,0.236393,0.234728,0.232811,0.230645,0.228233,0.225576,0.222677,0.58651,-0.973425,-0.609331,-0.951746,-0.905693,0.943793,9.78174,1641
K,0.0,1.0,0.0,0.0,0.0,0.0,0.0,0.0,0.0,0.0,1.0,0.0,0.0,0.0,0.0,0.0,0.0,0.0,0.0,0.0,0.0,0.0,0.78,0.22,0.0,0.0,0.0,0.0,0.0,0.0,-1.0396,-9.39869,2.09627,30.8065,26.1644,31.1475,0.264607,0.143364,0.449071,0.0236872,0.0137564,0.0441936,0.153907,0.117288,0.210223,0.0927208,0.131057,0.130846,0.130496,0.130005,0.129376,0.128607,0.127702,0.126659,0.125481,0.124168,0.122722,0.121146,0.342022,0.483433,0.482656,0.481363,0.479554,0.477231,0.474398,0.471056,0.46721,0.462864,0.458022,0.45269,0.446873,0.0917509,0.129686,0.129477,0.129131,0.128645,0.128022,0.127262,0.126366,0.125334,0.124168,0.122869,0.121439,0.119878,0.952248,-0.850682,-0.955855,0.10157,0.701238,0.38121,9.712,1641
K,0.83,0.17,0.0,0.0,0.0,0.0,0.0,0.0,0.0,0.0,1.0,0.0,0.0,0.0,0.0,0.0,0.0,0.0,0.0,0.0,0.0,0.01,0.465,0.525,0.0,0.0,0.0,0.0,0.0,0.0,-5.14117,-7.65576,2.29859,41.9149,32.0339,37.8846,1.41583,0.92069,0.552489,0.124737,0.0806536,0.0524096,0.353181,0.283996,0.228931,0.151714,0.214441,0.214097,0.213523,0.212721,0.21169,0.210434,0.208951,0.207245,0.205317,0.20317,0.200804,0.198224,0.350645,0.495622,0.494825,0.493499,0.491645,0.489264,0.486359,0.482933,0.47899,0.474534,0.46957,0.464104,0.45814,0.149312,0.211046,0.210707,0.210142,0.209353,0.208339,0.207102,0.205643,0.203964,0.202067,0.199953,0.197625,0.195086,0.891067,-0.966016,-0.911573,-0.929972,-0.660531,0.658518,9.75601,1641
K,0.39,0.61,0.0,0.0,0.0,0.0,0.0,0.0,0.0,0.0,1.0,0.0,0.0,0.0,0.0,0.0,0.0,0.0,0.0,0.0,0.0,0.005,0.695,0.135,0.165,0.0,0.0,0.0,0.0,0.0,-3.06408,-8.06022,1.94597,34.1818,28.0303,31.9672,2.47703,2.13046,1.58952,0.192159,0.1749,0.13063,0.43836,0.418211,0.361428,0.279225,0.394673,0.394039,0.392983,0.391506,0.38961,0.387297,0.384569,0.381429,0.377881,0.373928,0.369574,0.364825,0.338326,0.478209,0.477441,0.476161,0.474372,0.472074,0.469272,0.465966,0.462162,0.457863,0.453073,0.447798,0.442044,0.202684,0.286485,0.286025,0.285258,0.284186,0.28281,0.281131,0.27915,0.276871,0.274296,0.271426,0.268267,0.264819,0.531113,-0.980747,-0.502498,-0.94582,-0.959112,0.944769,9.74287,1641
K,0.51,0.49,0.0,0.0,0.0,0.0,0.0,0.0,0.0,0.0,0.74,0.26,0.0,0.0,0.0,0.0,0.0,0.0,0.0,0.0,0.0,0.02,0.505,0.165,0.31,0.0,0.0,0.0,0.0,0.0,-4.53128,-6.49169,2.75552,35.0909,30.1538,35.3846,2.9615,3.16414,2.11583,0.212293,0.236074,0.154618,0.460752,0.485875,0.393215,0.267496,0.378093,0.377486,0.376474,0.37506,0.373243,0.371027,0.368414,0.365406,0.362007,0.35822,0.354049,0.3495,0.321624,0.454602,0.453871,0.452655,0.450954,0.44877,0.446105,0.442963,0.439347,0.43526,0.430707,0.425692,0.420222,0.203313,0.287373,0.286912,0.286143,0.285068,0.283687,0.282003,0.280016,0.27773,0.275147,0.272268,0.269099,0.265641,0.498209,-0.98523,-0.417885,-0.96245,-0.967654,0.980406,9.74842,1641
K,0.635,0.365,0.0,0.0,0.0,0.0,0.0,0.0,0.0,0.0,0.805,0.195,0.0,0.0,0.0,0.0,0.0,0.0,0.0,0.0,0.0,0.03,0.425,0.28,0.265,0.0,0.0,0.0,0.0,0.0,-5.23678,-6.00473,2.79422,34.4643,32.1667,38.9796,2.94073,3.14507,1.87664,0.217933,0.234492,0.145479,0.466833,0.484244,0.381417,0.208932,0.295316,0.294842,0.294051,0.292946,0.291528,0.289797,0.287756,0.285406,0.282751,0.279793,0.276536,0.272983,0.363552,0.513865,0.513039,0.511664,0.509742,0.507273,0.504261,0.500709,0.496621,0.492001,0.486855,0.481187,0.475004,0.16877,0.238548,0.238165,0.237527,0.236634,0.235488,0.23409,0.232441,0.230543,0.228399,0.22601,0.223378,0.220508,0.52188,-0.958666,-0.443517,-0.94833,-0.880086,0.911923,9.78747,1641
K,0.31,0.69,0.0,0.0,0.0,0.0,0.0,0.0,0.0,0.0,0.96,0.04,0.0,0.0,0.0,0.0,0.0,0.0,0.0,0.0,0.0,0.14,0.57,0.095,0.195,0.0,0.0,0.0,0.0,0.0,-2.84901,-8.0482,1.75746,35.7407,32.0,34.5455,2.17236,2.3124,2.03149,0.17395,0.193651,0.165632,0.417074,0.440058,0.40698,0.193643,0.273705,0.273266,0.272533,0.271509,0.270194,0.26859,0.266698,0.264521,0.26206,0.259319,0.2563,0.253006,0.363659,0.514016,0.51319,0.511815,0.509891,0.507422,0.504409,0.500856,0.496767,0.492146,0.486998,0.481328,0.475143,0.207109,0.29274,0.292269,0.291486,0.290391,0.288984,0.287269,0.285245,0.282916,0.280284,0.277352,0.274124,0.270601,0.513615,-0.95883,-0.319342,-0.963848,-0.965227,0.965595,9.74088,1641
K,0.335,0.665,0.0,0.0,0.0,0.0,0.0,0.0,0.0,0.0,1.0,0.0,0.0,0.0,0.0,0.0,0.0,0.0,0.0,0.0,0.0,0.04,0.64,0.31,0.01,0.0,0.0,0.0,0.0,0.0,-1.73361,-9.08057,1.84348,31.7742,28.3582,32.8814,0.801238,0.73268,1.82463,0.0621124,0.0562413,0.141999,0.249224,0.237152,0.376827,0.147273,0.208163,0.207829,0.207272,0.206493,0.205493,0.204273,0.202834,0.201178,0.199307,0.197222,0.194926,0.192421,0.329808,0.466169,0.46542,0.464173,0.462428,0.460189,0.457457,0.454234,0.450526,0.446335,0.441666,0.436524,0.430915,0.223654,0.316125,0.315617,0.314772,0.313589,0.31207,0.310217,0.308032,0.305517,0.302675,0.299509,0.296022,0.292218,0.851481,-0.895058,-0.612906,-0.941835,-0.876443,0.94539,9.70933,1641
K,0.8,0.2,0.0,0.0,0.0,0.0,0.0,0.0,0.0,0.0,1.0,0.0,0.0,0.0,0.0,0.0,0.0,0.0,0.0,0.0,0.0,0.07,0.24,0.69,0.0,0.0,0.0,0.0,0.0,0.0,-6.0907,-6.57935,2.60233,34.6429,34.8214,34.1071,1.90704,1.24702,0.869187,0.158774,0.104917,0.0857764,0.398464,0.323909,0.292876,0.278546,0.393713,0.393081,0.392027,0.390554,0.388663,0.386355,0.383634,0.380502,0.376962,0.373019,0.368676,0.363939,0.313523,0.44315,0.442439,0.441253,0.439595,0.437466,0.434868,0.431805,0.42828,0.424296,0.419857,0.414969,0.409637,0.241324,0.341101,0.340553,0.33964,0.338364,0.336725,0.334726,0.332368,0.329654,0.326588,0.323172,0.319409,0.315305,0.846381,-0.7615,-0.930197,-0.905476,0.608409,-0.495313,9.7843,1641
K,0.73,0.27,0.0,0.0,0.0,0.0,0.0,0.0,0.0,0.0,0.85,0.15,0.0,0.0,0.0,0.0,0.0,0.0,0.0,0.0,0.0,0.0,0.325,0.51,0.165,0.0,0.0,0.0,0.0,0.0,-5.79037,-5.99435,3.35219,34.1071,35.0909,41.0417,2.33388,2.22975,1.02582,0.181999,0.188779,0.0848969,0.426614,0.434487,0.291371,0.281866,0.398406,0.397765,0.396699,0.395209,0.393295,0.39096,0.388206,0.385036,0.381455,0.377464,0.37307,0.368276,0.329412,0.465609,0.464861,0.463616,0.461873,0.459636,0.456907,0.453689,0.449985,0.445799,0.441136,0.436,0.430397,0.243416,0.344058,0.343505,0.342584,0.341297,0.339644,0.337627,0.335249,0.332512,0.329419,0.325973,0.322178,0.318038,0.688253,-0.942705,-0.746031,-0.886445,-0.601839,0.830775,9.78554,1641
K,0.3,0.7,0.0,0.0,0.0,0.0,0.0,0.0,0.0,0.0,0.82,0.18,0.0,0.0,0.0,0.0,0.0,0.0,0.0,0.0,0.0,0.0,0.675,0.085,0.24,0.0,0.0,0.0,0.0,0.0,-2.6971,-7.37938,3.27111,31.3115,31.9672,32.3333,2.44429,2.92167,1.37765,0.196661,0.241833,0.111893,0.443465,0.491765,0.334504,0.249859,0.353164,0.352597,0.351652,0.35033,0.348634,0.346564,0.344123,0.341313,0.338138,0.334601,0.330706,0.326456,0.322999,0.456545,0.455811,0.45459,0.452881,0.450688,0.448012,0.444856,0.441224,0.43712,0.432547,0.427512,0.422018,0.22539,0.31858,0.318068,0.317215,0.316023,0.314493,0.312626,0.310424,0.307889,0.305025,0.301834,0.29832,0.294487,0.338694,-0.935881,-0.636833,-0.970427,-0.989034,0.982537,9.70956,1641
K,0.42,0.495,0.07,0.01,0.0,0.005,0.0,0.0,0.0,0.0,0.63,0.26,0.025,0.035,0.045,0.005,0.0,0.0,0.0,0.0,0.025,0.01,0.365,0.205,0.3,0.095,0.0,0.0,0.0,0.0,-3.19157,-5.38942,3.98086,38.2353,34.4643,36.2963,2.9513,4.36593,2.16125,0.232329,0.343349,0.191095,0.482005,0.58596,0.437144,0.334745,0.473148,0.472387,0.471122,0.469351,0.467078,0.464305,0.461034,0.45727,0.453017,0.448278,0.443059,0.437366,0.391745,0.553715,0.552825,0.551343,0.549272,0.546611,0.543366,0.539539,0.535134,0.530156,0.52461,0.518502,0.51184,0.347225,0.490788,0.489999,0.488686,0.48685,0.484492,0.481615,0.478223,0.474319,0.469906,0.464991,0.459577,0.453672,0.38403,-0.608597,-0.346868,-0.278305,-0.0797262,0.712334,9.81995,1641
K,0.375,0.615,0.01,0.0,0.0,0.0,0.0,0.0,0.0,0.0,0.665,0.275,0.05,0.01,0.0,0.0,0.0,0.0,0.0,0.0,0.0,0.0,0.03,0.575,0.315,0.06,0.02,0.0,0.0,0.0,-2.76235,-6.05043,4.65992,42.1739,36.4151,36.2963,2.59945,3.85443,1.82305,0.203173,0.292782,0.147177,0.450748,0.541094,0.383637,0.23947,0.338481,0.337937,0.337032,0.335765,0.334139,0.332155,0.329815,0.327123,0.32408,0.32069,0.316956,0.312883,0.358357,0.506522,0.505709,0.504353,0.502458,0.500025,0.497056,0.493555,0.489525,0.484971,0.479898,0.474311,0.468216,0.302617,0.427736,0.427049,0.425904,0.424304,0.422249,0.419742,0.416785,0.413383,0.409537,0.405253,0.400535,0.395388,0.265107,-0.811057,-0.539252,-0.753668,-0.606332,0.930243,9.77086,1641
L,0.635,0.32,0.035,0.01,0.0,0.0,0.0,0.0,0.0,0.0,0.87,0.125,0.005,0.0,0.0,0.0,0.0,0.0,0.0,0.0,0.0,0.06,0.255,0.345,0.305,0.035,0.0,0.0,0.0,0.0,-4.24308,-6.28876,3.78116,42.6667,38.6,45.7143,2.82508,2.61997,1.98274,0.230524,0.217499,0.165206,0.480129,0.466368,0.406456,0.340946,0.481913,0.481139,0.479849,0.478046,0.475731,0.472906,0.469575,0.465741,0.461409,0.456582,0.451267,0.445468,0.373941,0.528549,0.5277,0.526285,0.524308,0.521768,0.51867,0.515017,0.510812,0.506061,0.500767,0.494937,0.488577,0.310723,0.439194,0.438488,0.437313,0.43567,0.43356,0.430986,0.42795,0.424456,0.420508,0.416109,0.411264,0.40598,0.477545,-0.766433,-0.670749,-0.877065,-0.286808,0.404593,9.83534,1641
L,1.0,0.0,0.0,0.0,0.0,0.0,0.0,0.0,0.0,0.0,0.905,0.095,0.0,0.0,0.0,0.0,0.0,0.0,0.0,0.0,0.0,0.0,0.005,0.135,0.685,0.175,0.0,0.0,0.0,0.0,-3.90226,-5.78216,6.3435,34.8148,36.7308,33.5714,1.3846,1.4674,0.759569,0.133037,0.12696,0.086775,0.364742,0.356315,0.294576,0.318973,0.450854,0.450129,0.448923,0.447236,0.44507,0.442428,0.439311,0.435725,0.431671,0.427156,0.422183,0.416758,0.298006,0.421219,0.420542,0.419415,0.417839,0.415815,0.413347,0.410435,0.407084,0.403297,0.399079,0.394432,0.389364,0.315225,0.445557,0.444841,0.443649,0.441982,0.439841,0.43723,0.43415,0.430605,0.4266,0.422137,0.417223,0.411861,0.766179,-0.832147,-0.949684,-0.73042,0.633147,-0.213967,9.83762,1641
L,1.0,0.0,0.0,0.0,0.0,0.0,0.0,0.0,0.0,0.0,1.0,0.0,0.0,0.0,0.0,0.0,0.0,0.0,0.0,0.0,0.0,0.0,0.0,0.015,0.205,0.78,0.0,0.0,0.0,0.0,-3.60665,-4.31528,7.86066,33.6207,33.2203,35.9259,0.909123,0.473097,0.829813,0.0811384,0.0441906,0.0755834,0.284848,0.210216,0.274924,0.193081,0.272912,0.272473,0.271743,0.270722,0.269411,0.267811,0.265925,0.263754,0.2613,0.258567,0.255557,0.252273,0.234763,0.331827,0.331294,0.330407,0.329165,0.327571,0.325626,0.323332,0.320692,0.317709,0.314386,0.310726,0.306733,0.331329,0.468319,0.467567,0.466314,0.464562,0.462312,0.459567,0.45633,0.452604,0.448394,0.443703,0.438538,0.432902,0.966323,-0.905084,-0.9676,0.534558,0.958585,0.675749,9.80983,1641
L,1.0,0.0,0.0,0.0,0.0,0.0,0.0,0.0,0.0,0.0,0.995,0.005,0.0,0.0,0.0,0.0,0.0,0.0,0.0,0.0,0.0,0.0,0.0,0.015,0.125,0.86,0.0,0.0,0.0,0.0,-3.42115,-4.29959,7.98893,38.6,30.3175,43.1111,0.713113,0.30973,0.563163,0.0735472,0.0358624,0.0605937,0.271196,0.189374,0.246158,0.19871,0.280868,0.280417,0.279666,0.278615,0.277265,0.275619,0.273678,0.271443,0.268918,0.266105,0.263007,0.259628,0.248444,0.351164,0.3506,0.349661,0.348347,0.346659,0.344601,0.342174,0.33938,0.336223,0.332706,0.328833,0.324607,0.32591,0.46066,0.45992,0.458687,0.456963,0.45475,0.45205,0.448866,0.445201,0.44106,0.436446,0.431365,0.425822,0.952057,-0.92265,-0.984379,0.0553079,0.923615,0.245825,9.7998,1641
L,0.655,0.345,0.0,0.0,0.0,0.0,0.0,0.0,0.0,0.0,0.92,0.05,0.03,0.0,0.0,0.0,0.0,0.0,0.0,0.0,0.025,0.015,0.025,0.1,0.25,0.585,0.0,0.0,0.0,0.0,-3.1447,-4.96398,6.87758,36.9231,37.6471,41.4286,1.00193,1.44005,1.9347,0.114123,0.145339,0.207376,0.337822,0.381233,0.455386,0.250124,0.353539,0.352971,0.352025,0.350702,0.349004,0.346931,0.344488,0.341675,0.338497,0.334956,0.331056,0.326802,0.345704,0.488638,0.487853,0.486546,0.484717,0.48237,0.479506,0.476128,0.472241,0.467848,0.462954,0.457564,0.451684,0.364389,0.515048,0.514221,0.512843,0.510916,0.508441,0.505423,0.501863,0.497765,0.493135,0.487976,0.482295,0.476098,0.730394,-0.7494,-0.80136,-0.524373,0.3851,0.323371,9.83162,1641
L,0.845,0.155,0.0,0.0,0.0,0.0,0.0,0.0,0.0,0.0,1.0,0.0,0.0,0.0,0.0,0.0,0.0,0.0,0.0,0.0,0.0,0.0,0.095,0.31,0.595,0.0,0.0,0.0,0.0,0.0,-3.67919,-6.957,5.13682,39.3878,33.0508,44.7619,1.13375,1.18139,1.52865,0.113927,0.109189,0.123674,0.33753,0.330437,0.351674,0.256528,0.362591,0.362008,0.361038,0.359681,0.357939,0.355814,0.353308,0.350423,0.347164,0.343532,0.339533,0.33517,0.333958,0.472035,0.471277,0.470014,0.468247,0.46598,0.463213,0.45995,0.456195,0.451951,0.447224,0.442017,0.436337,0.30028,0.424432,0.423751,0.422615,0.421027,0.418988,0.4165,0.413566,0.41019,0.406374,0.402123,0.397442,0.392334,0.853436,-0.802238,-0.897894,-0.469619,0.501917,0.375821,9.79474,1641
L,0.95,0.05,0.0,0.0,0.0,0.0,0.0,0.0,0.0,0.0,0.99,0.01,0.0,0.0,0.0,0.0,0.0,0.0,0.0,0.0,0.0,0.0,0.0,0.065,0.91,0.025,0.0,0.0,0.0,0.0,-3.03888,-6.17088,6.79549,31.0169,30.7937,31.6949,0.700094,0.49304,0.575001,0.0852092,0.0752493,0.0593854,0.291906,0.274316,0.243691,0.26313,0.371923,0.371325,0.37033,0.368939,0.367152,0.364972,0.362401,0.359442,0.356099,0.352374,0.348271,0.343796,0.311248,0.439936,0.439229,0.438052,0.436406,0.434292,0.431714,0.428673,0.425173,0.421218,0.416812,0.411959,0.406665,0.315718,0.446254,0.445537,0.444343,0.442673,0.440529,0.437914,0.434829,0.431279,0.427267,0.422798,0.417875,0.412506,0.882184,-0.897438,-0.984172,-0.540756,0.555701,-0.295466,9.81497,1641
L,1.0,0.0,0.0,0.0,0.0,0.0,0.0,0.0,0.0,0.0,1.0,0.0,0.0,0.0,0.0,0.0,0.0,0.0,0.0,0.0,0.0,0.0,0.0,0.06,0.1,0.84,0.0,0.0,0.0,0.0,-3.93643,-4.45765,7.6541,36.2,33.5088,32.2034,0.698622,0.39635,0.685885,0.0709347,0.0442642,0.0738155,0.266336,0.210391,0.27169,0.211979,0.299623,0.299142,0.29834,0.297219,0.29578,0.294024,0.291953,0.289569,0.286875,0.283874,0.280569,0.276964,0.256919,0.363143,0.36256,0.361588,0.360229,0.358485,0.356356,0.353846,0.350957,0.347693,0.344055,0.34005,0.33568,0.326152,0.461002,0.460262,0.459028,0.457303,0.455088,0.452386,0.4492,0.445532,0.441388,0.436771,0.431686,0.426139,0.975576,-0.929553,-0.968736,0.464832,0.916547,0.66322,9.81797,1641
L,1.0,0.0,0.0,0.0,0.0,0.0,0.0,0.0,0.0,0.0,0.995,0.005,0.0,0.0,0.0,0.0,0.0,0.0,0.0,0.0,0.0,0.0,0.0,0.02,0.15,0.83,0.0,0.0,0.0,0.0,-3.6593,-4.38426,7.81818,34.0351,31.5,33.8182,0.759266,0.364966,0.665041,0.0699454,0.0447647,0.067695,0.264472,0.211577,0.260183,0.262178,0.370578,0.369982,0.368991,0.367604,0.365824,0.363652,0.36109,0.358142,0.354811,0.351099,0.347012,0.342553,0.267335,0.377867,0.37726,0.376249,0.374835,0.37302,0.370805,0.368193,0.365187,0.36179,0.358005,0.353837,0.34929,0.305106,0.431254,0.430561,0.429407,0.427793,0.425721,0.423194,0.420213,0.416782,0.412905,0.408586,0.403829,0.39864,0.966664,-0.929203,-0.973906,0.300892,0.914062,0.488828,9.79645,1641
L,0.945,0.055,0.0,0.0,0.0,0.0,0.0,0.0,0.0,0.0,0.99,0.005,0.0,0.0,0.0,0.005,0.0,0.0,0.0,0.0,0.045,0.155,0.03,0.035,0.17,0.565,0.0,0.0,0.0,0.0,-4.19341,-5.037,5.61013,35.6364,35.6364,42.1739,1.32228,1.46595,3.39657,0.101706,0.140563,0.289876,0.318914,0.374917,0.538401,0.268622,0.379686,0.379076,0.37806,0.37664,0.374815,0.37259,0.369966,0.366945,0.363532,0.359729,0.355541,0.350972,0.36883,0.521326,0.520488,0.519093,0.517142,0.514638,0.511582,0.507979,0.503832,0.499145,0.493923,0.488173,0.4819,0.332031,0.469311,0.468557,0.467301,0.465545,0.46329,0.46054,0.457296,0.453562,0.449343,0.444643,0.439466,0.433819,0.933767,-0.6131,-0.592508,0.452575,0.78691,0.731947,9.83806,1641
L,0.845,0.155,0.0,0.0,0.0,0.0,0.0,0.0,0.0,0.0,0.94,0.055,0.005,0.0,0.0,0.0,0.0,0.0,0.0,0.0,0.0,0.0,0.0,0.09,0.085,0.815,0.01,0.0,0.0,0.0,-3.557,-3.68498,8.05243,37.8431,34.5614,45.7143,1.18197,0.570796,0.987759,0.111197,0.0607706,0.0980018,0.333463,0.246517,0.313052,0.226941,0.320771,0.320256,0.319397,0.318197,0.316656,0.314776,0.312559,0.310007,0.307123,0.30391,0.300372,0.296512,0.27275,0.385521,0.384902,0.38387,0.382427,0.380575,0.378316,0.375651,0.372584,0.369118,0.365257,0.361005,0.356366,0.340233,0.480904,0.480132,0.478845,0.477046,0.474735,0.471917,0.468593,0.464767,0.460443,0.455627,0.450322,0.444536,0.892212,-0.836591,-0.958274,0.0164556,0.944192,0.0383925,9.79924,1641
L,0.72,0.28,0.0,0.0,0.0,0.0,0.0,0.0,0.0,0.0,0.99,0.01,0.0,0.0,0.0,0.0,0.0,0.0,0.0,0.0,0.0,0.0,0.0,0.005,0.18,0.815,0.0,0.0,0.0,0.0,-3.26524,-4.12639,8.03159,32.5,35.0,34.1818,1.1065,0.403109,0.738881,0.108337,0.0426994,0.0709246,0.329146,0.206638,0.266317,0.189917,0.268439,0.268008,0.267289,0.266285,0.264995,0.263422,0.261567,0.259431,0.257018,0.254329,0.251368,0.248138,0.257461,0.36391,0.363325,0.362352,0.36099,0.359242,0.357109,0.354593,0.351698,0.348427,0.344782,0.340768,0.336389,0.333015,0.470703,0.469946,0.468687,0.466926,0.464664,0.461905,0.458652,0.454907,0.450676,0.445961,0.440769,0.435105,0.90606,-0.851868,-0.973388,0.167554,0.882382,0.470704,9.79162,1641
L,0.87,0.13,0.0,0.0,0.0,0.0,0.0,0.0,0.0,0.0,0.73,0.2,0.065,0.005,0.0,0.0,0.0,0.0,0.0,0.0,0.0,0.0,0.005,0.27,0.275,0.45,0.0,0.0,0.0,0.0,-5.25425,-3.40148,6.53036,38.5714,30.8197,43.4091,2.59265,1.60243,1.66606,0.194082,0.136252,0.129329,0.440548,0.369123,0.359624,0.203324,0.28739,0.286928,0.286159,0.285084,0.283703,0.282019,0.280032,0.277746,0.275162,0.272284,0.269114,0.265656,0.294471,0.416222,0.415554,0.41444,0.412883,0.410883,0.408443,0.405567,0.402255,0.398513,0.394345,0.389754,0.384745,0.340418,0.481166,0.480393,0.479106,0.477306,0.474994,0.472174,0.468848,0.46502,0.460694,0.455875,0.450568,0.444778,0.605717,-0.736878,-0.915868,-0.725128,0.933971,-0.586914,9.81308,1641
L,0.935,0.065,0.0,0.0,0.0,0.0,0.0,0.0,0.0,0.0,0.815,0.125,0.045,0.015,0.0,0.0,0.0,0.0,0.0,0.0,0.0,0.0,0.055,0.195,0.18,0.57,0.0,0.0,0.0,0.0,-4.57567,-3.93008,6.69388,33.9286,35.9259,38.5106,2.17743,1.43351,1.79402,0.173823,0.165918,0.147803,0.416921,0.407331,0.384451,0.255445,0.361061,0.36048,0.359514,0.358163,0.356429,0.354313,0.351817,0.348945,0.345698,0.342082,0.3381,0.333755,0.356876,0.504429,0.503618,0.502269,0.500381,0.497958,0.495001,0.491515,0.487502,0.482967,0.477915,0.472351,0.466281,0.302566,0.427664,0.426977,0.425833,0.424232,0.422178,0.419671,0.416715,0.413313,0.409468,0.405185,0.400468,0.395322,0.580191,-0.748198,-0.856648,-0.726171,0.657002,-0.242583,9.82768,1641
L,0.23,0.77,0.0,0.0,0.0,0.0,0.0,0.0,0.0,0.0,1.0,0.0,0.0,0.0,0.0,0.0,0.0,0.0,0.0,0.0,0.0,0.0,0.66,0.145,0.185,0.01,0.0,0.0,0.0,0.0,-1.14838,-8.72986,3.26956,31.6393,31.4754,31.3333,1.08449,1.11554,1.43593,0.0918474,0.0969911,0.128089,0.303063,0.311434,0.357896,0.203211,0.287229,0.286768,0.285999,0.284924,0.283545,0.281861,0.279876,0.277591,0.275008,0.272132,0.268963,0.265507,0.326109,0.460941,0.4602,0.458967,0.457242,0.455028,0.452326,0.44914,0.445473,0.441329,0.436712,0.431628,0.426082,0.272334,0.384932,0.384314,0.383284,0.381843,0.379994,0.377738,0.375077,0.372015,0.368554,0.364699,0.360453,0.355821,0.549084,-0.899234,-0.793693,-0.905081,-0.880956,0.936232,9.74272,1641
L,1.0,0.0,0.0,0.0,0.0,0.0,0.0,0.0,0.0,0.0,0.995,0.005,0.0,0.0,0.0,0.0,0.0,0.0,0.0,0.0,0.0,0.0,0.0,0.01,0.39,0.6,0.0,0.0,0.0,0.0,-4.37005,-4.7646,7.16015,38.0392,34.5455,36.4151,1.13557,0.344874,0.72322,0.0898278,0.0377556,0.0594528,0.299713,0.194308,0.243829,0.234502,0.331459,0.330926,0.330039,0.328799,0.327207,0.325264,0.322973,0.320336,0.317356,0.314036,0.31038,0.306392,0.269085,0.38034,0.379729,0.378711,0.377288,0.375461,0.373232,0.370603,0.367577,0.364158,0.360348,0.356153,0.351577,0.300251,0.424392,0.42371,0.422574,0.420986,0.418947,0.41646,0.413527,0.41015,0.406335,0.402085,0.397403,0.392297,0.939044,-0.923446,-0.990956,-0.489993,0.92925,-0.304776,9.77879,1641
L,0.505,0.495,0.0,0.0,0.0,0.0,0.0,0.0,0.0,0.0,0.965,0.035,0.0,0.0,0.0,0.0,0.0,0.0,0.0,0.0,0.0,0.0,0.0,0.005,0.19,0.805,0.0,0.0,0.0,0.0,-3.19347,-4.0645,8.09216,34.1071,32.7586,36.7308,1.0538,0.654546,0.784934,0.0973787,0.0573709,0.0690815,0.312056,0.239522,0.262834,0.20673,0.292204,0.291735,0.290953,0.289859,0.288456,0.286743,0.284723,0.282399,0.279772,0.276845,0.273622,0.270106,0.26003,0.367541,0.366951,0.365968,0.364592,0.362827,0.360672,0.358132,0.355208,0.351904,0.348223,0.344168,0.339746,0.325231,0.4597,0.458962,0.457732,0.456011,0.453803,0.451109,0.447931,0.444274,0.440141,0.435537,0.430466,0.424935,0.907885,-0.867576,-0.966266,0.095387,0.92833,0.311843,9.78026,1641
L,0.795,0.205,0.0,0.0,0.0,0.0,0.0,0.0,0.0,0.0,0.975,0.025,0.0,0.0,0.0,0.0,0.0,0.0,0.0,0.0,0.0,0.0,0.0,0.0,0.15,0.85,0.0,0.0,0.0,0.0,-3.38889,-3.97452,8.16862,35.7407,30.4688,34.6296,0.847651,0.275182,0.475866,0.0806264,0.0317112,0.0478215,0.283948,0.178076,0.218681,0.16591,0.234506,0.234129,0.233502,0.232624,0.231498,0.230123,0.228502,0.226637,0.224528,0.22218,0.219593,0.216771,0.243465,0.344127,0.343574,0.342653,0.341366,0.339713,0.337696,0.335317,0.332579,0.329485,0.326039,0.322243,0.318102,0.331613,0.46872,0.467967,0.466713,0.464959,0.462707,0.45996,0.45672,0.452992,0.448778,0.444083,0.438913,0.433273,0.939326,-0.920011,-0.989498,-0.0695754,0.932958,0.0873243,9.79462,1641
M,0.085,0.0,0.0,0.005,0.03,0.4,0.325,0.11,0.04,0.005,0.47,0.285,0.155,0.06,0.025,0.005,0.0,0.0,0.0,0.0,0.22,0.435,0.185,0.045,0.01,0.105,0.0,0.0,0.0,0.0,9.39073,-1.93349,-0.14866,38.3333,41.4894,47.0,2.65609,2.47728,2.67519,0.303609,0.22528,0.265083,0.551008,0.474637,0.514862,0.425347,0.601209,0.600243,0.598635,0.596385,0.593497,0.589973,0.585817,0.581034,0.575629,0.569608,0.562977,0.555742,0.4253,0.601143,0.600177,0.598568,0.596319,0.593431,0.589908,0.585752,0.58097,0.575566,0.569545,0.562914,0.555681,0.429686,0.607342,0.606366,0.604741,0.602469,0.599551,0.595991,0.591793,0.586962,0.581502,0.575419,0.56872,0.561412,-0.419882,-0.314188,-0.191972,0.146144,-0.669446,-0.2488,11.3635,1641
M,0.0,0.0,0.0,0.01,0.11,0.545,0.24,0.075,0.02,0.0,0.345,0.38,0.215,0.05,0.005,0.005,0.0,0.0,0.0,0.0,0.425,0.39,0.15,0.03,0.005,0.0,0.0,0.0,0.0,0.0,9.45885,-1.51776,-2.11576,40.8511,45.3488,46.4286,1.55546,2.10552,1.94138,0.145594,0.191201,0.17055,0.381568,0.437265,0.412977,0.418806,0.591964,0.591013,0.589429,0.587214,0.58437,0.580901,0.576809,0.5721,0.566778,0.560849,0.55432,0.547197,0.406348,0.574355,0.573432,0.571895,0.569746,0.566987,0.56362,0.55965,0.555081,0.549917,0.544165,0.53783,0.530919,0.353647,0.499864,0.499061,0.497724,0.495853,0.493452,0.490522,0.487067,0.48309,0.478596,0.47359,0.468076,0.462062,-0.448383,-0.639705,0.447747,0.161121,0.0290556,0.190638,10.4552,1641
M,0.0,0.0,0.005,0.01,0.065,0.63,0.19,0.045,0.04,0.015,0.485,0.39,0.065,0.025,0.015,0.01,0.005,0.005,0.0,0.0,0.25,0.425,0.225,0.04,0.035,0.015,0.0,0.005,0.005,0.0,9.73407,-2.32108,-0.728508,41.3043,46.1905,47.1795,1.51463,2.11643,2.25061,0.167455,0.231661,0.24067,0.409212,0.481312,0.490581,0.41906,0.592323,0.591371,0.589786,0.58757,0.584724,0.581252,0.577158,0.572446,0.567121,0.561189,0.554655,0.547528,0.440975,0.623299,0.622298,0.62063,0.618298,0.615303,0.61165,0.607342,0.602383,0.59678,0.590537,0.583662,0.576162,0.430003,0.60779,0.606814,0.605188,0.602913,0.599993,0.596431,0.59223,0.587395,0.581931,0.575843,0.569139,0.561826,-0.569591,-0.170884,0.0651016,-0.0408675,0.140531,-0.0700508,10.9859,1641
M,0.0,0.005,0.0,0.025,0.055,0.635,0.245,0.025,0.01,0.0,0.42,0.365,0.17,0.04,0.0,0.005,0.0,0.0,0.0,0.0,0.215,0.455,0.3,0.025,0.005,0.0,0.0,0.0,0.0,0.0,9.38368,-2.07199,-1.10483,40.6383,43.3333,47.3171,1.2693,2.22515,1.77657,0.135444,0.220983,0.164266,0.368027,0.470088,0.405298,0.412342,0.582827,0.581891,0.580332,0.578151,0.575351,0.571935,0.567906,0.56327,0.55803,0.552192,0.545764,0.538751,0.416928,0.589309,0.588363,0.586786,0.584581,0.58175,0.578296,0.574222,0.569534,0.564236,0.558334,0.551834,0.544743,0.358729,0.507048,0.506234,0.504877,0.50298,0.500544,0.497572,0.494067,0.490033,0.485475,0.480396,0.474804,0.468702,-0.508788,-0.429547,0.225472,0.195754,-0.0483594,-0.0157533,10.4524,1641
M,0.0,0.005,0.0,0.005,0.035,0.535,0.345,0.055,0.0,0.02,0.345,0.46,0.14,0.035,0.02,0.0,0.0,0.0,0.0,0.0,0.11,0.46,0.345,0.07,0.015,0.0,0.0,0.0,0.0,0.0,9.93071,-1.631,-0.35998,37.6471,45.0,56.1765,1.20111,1.72777,1.68638,0.146726,0.173379,0.171239,0.383048,0.416388,0.41381,0.421094,0.595198,0.594241,0.592649,0.590422,0.587562,0.584074,0.57996,0.575225,0.569874,0.563913,0.557347,0.550185,0.370188,0.523245,0.522405,0.521005,0.519047,0.516533,0.513466,0.509849,0.505687,0.500983,0.495742,0.489971,0.483674,0.359555,0.508215,0.507399,0.506039,0.504137,0.501696,0.498717,0.495204,0.491161,0.486592,0.481502,0.475896,0.469781,-0.561275,-0.173543,0.0529104,-0.112379,-0.146403,-0.0346336,10.6534,1641
M,0.225,0.025,0.01,0.03,0.065,0.325,0.255,0.05,0.005,0.01,0.405,0.3,0.1,0.045,0.065,0.07,0.015,0.0,0.0,0.0,0.095,0.22,0.395,0.18,0.095,0.015,0.0,0.0,0.0,0.0,5.98373,-1.25954,1.11667,45.4762,48.7179,45.7143,5.7131,3.80884,2.25818,0.479136,0.377317,0.211956,0.692196,0.614261,0.460387,0.437664,0.618619,0.617625,0.61597,0.613655,0.610683,0.607058,0.602782,0.59786,0.592299,0.586103,0.579279,0.571836,0.455301,0.643548,0.642514,0.640793,0.638384,0.635293,0.631521,0.627073,0.621953,0.616167,0.609722,0.602623,0.59488,0.377013,0.532892,0.532036,0.53061,0.528616,0.526056,0.522932,0.519249,0.51501,0.510219,0.504882,0.499004,0.492592,-0.444669,-0.0342706,0.00355598,-0.401092,-0.377764,0.0918325,10.7557,1641
M,0.0,0.0,0.0,0.0,0.095,0.4,0.31,0.12,0.06,0.015,0.295,0.44,0.21,0.045,0.005,0.0,0.005,0.0,0.0,0.0,0.23,0.37,0.26,0.12,0.015,0.0,0.0,0.0,0.0,0.005,10.4673,-1.33388,-0.516369,42.6667,38.4314,53.0556,2.01368,1.82782,2.30782,0.182793,0.177807,0.230038,0.427543,0.421671,0.479623,0.439512,0.621231,0.620233,0.618571,0.616246,0.613261,0.60962,0.605326,0.600384,0.594799,0.588577,0.581725,0.57425,0.394268,0.55728,0.556385,0.554894,0.552809,0.550131,0.546865,0.543013,0.53858,0.53357,0.527988,0.521841,0.515136,0.426515,0.60286,0.601892,0.600279,0.598023,0.595127,0.591593,0.587426,0.58263,0.57721,0.571172,0.564523,0.557268,-0.446374,-0.189103,0.0280003,0.0404561,-0.155881,-0.052105,11.2456,1641
M,0.0,0.005,0.02,0.015,0.02,0.555,0.32,0.04,0.005,0.02,0.335,0.435,0.135,0.06,0.02,0.01,0.005,0.0,0.0,0.0,0.16,0.4,0.33,0.04,0.045,0.02,0.005,0.0,0.0,0.0,9.73608,-1.48251,-0.324809,41.4894,44.0909,60.9677,1.51935,2.22992,2.23259,0.176659,0.230877,0.229161,0.420309,0.480496,0.478707,0.42871,0.605963,0.604989,0.603368,0.6011,0.598189,0.594638,0.590449,0.585629,0.580181,0.574112,0.567428,0.560136,0.442153,0.624964,0.62396,0.622288,0.619949,0.616947,0.613284,0.608964,0.603992,0.598373,0.592114,0.585221,0.577701,0.410033,0.579564,0.578633,0.577082,0.574914,0.572129,0.568733,0.564727,0.560116,0.554905,0.549101,0.542708,0.535734,-0.420065,-0.0830226,-0.00645657,-0.0866477,0.0548801,-0.0526334,10.8336,1641
M,0.0,0.0,0.005,0.04,0.08,0.535,0.245,0.02,0.035,0.04,0.365,0.405,0.16,0.05,0.015,0.0,0.005,0.0,0.0,0.0,0.225,0.4,0.305,0.035,0.01,0.0,0.01,0.01,0.005,0.0,9.75831,-1.75698,-1.07631,45.0,37.451,45.3488,1.87981,2.39093,2.51562,0.206452,0.238661,0.276151,0.45437,0.488529,0.525501,0.438447,0.619725,0.61873,0.617071,0.614752,0.611775,0.608143,0.603859,0.598929,0.593358,0.587151,0.580315,0.572858,0.446094,0.630534,0.629521,0.627834,0.625475,0.622446,0.61875,0.614392,0.609376,0.603707,0.597392,0.590437,0.58285,0.449458,0.635289,0.634269,0.632569,0.630192,0.62714,0.623416,0.619025,0.613971,0.60826,0.601897,0.59489,0.587245,-0.444918,-0.168714,0.0257471,-0.010024,0.310594,-0.113357,11.1142,1641
M,0.0,0.0,0.005,0.01,0.045,0.465,0.32,0.095,0.015,0.045,0.35,0.39,0.155,0.075,0.015,0.005,0.0,0.01,0.0,0.0,0.14,0.44,0.305,0.075,0.03,0.005,0.005,0.0,0.0,0.0,10.4379,-1.43019,-0.326186,48.0,45.6098,54.0,1.91097,2.39073,2.00467,0.195379,0.239687,0.205192,0.442017,0.489579,0.452981,0.450074,0.63616,0.635138,0.633436,0.631055,0.627999,0.624271,0.619874,0.614813,0.609093,0.602722,0.595705,0.58805,0.430316,0.608232,0.607255,0.605628,0.603352,0.60043,0.596865,0.592661,0.587822,0.582354,0.576262,0.569553,0.562234,0.404134,0.571225,0.570307,0.568779,0.566642,0.563897,0.560549,0.556601,0.552057,0.546921,0.5412,0.534899,0.528026,-0.435666,-0.164724,-0.174314,-0.253939,-0.223125,-0.237812,11.3818,1641
M,0.0,0.0,0.0,0.0,0.095,0.565,0.245,0.065,0.025,0.005,0.32,0.42,0.2,0.045,0.01,0.005,0.0,0.0,0.0,0.0,0.3,0.41,0.225,0.03,0.025,0.01,0.0,0.0,0.0,0.0,9.72367,-1.50947,-1.29438,44.2857,40.8511,46.4286,1.53146,1.95873,2.25906,0.147993,0.192741,0.211624,0.384698,0.439022,0.460026,0.405674,0.573402,0.572481,0.570947,0.568801,0.566047,0.562686,0.558722,0.554161,0.549006,0.543263,0.536938,0.530038,0.407107,0.575428,0.574504,0.572964,0.570811,0.568047,0.564674,0.560697,0.556119,0.550946,0.545182,0.538835,0.531911,0.379209,0.535995,0.535134,0.5337,0.531694,0.529119,0.525977,0.522273,0.518009,0.51319,0.507822,0.50191,0.49546,-0.464784,-0.36945,0.0373662,0.0479411,0.0964198,-0.19297,10.7242,1641
M,0.02,0.005,0.005,0.035,0.1,0.475,0.18,0.095,0.045,0.04,0.475,0.32,0.125,0.04,0.015,0.0,0.015,0.005,0.005,0.0,0.17,0.445,0.285,0.05,0.03,0.015,0.005,0.0,0.0,0.0,9.70002,-2.22607,-0.665944,45.4762,41.7391,45.2381,2.54343,2.73187,2.20098,0.277345,0.296315,0.251161,0.526635,0.544348,0.50116,0.47405,0.670049,0.668973,0.66718,0.664673,0.661454,0.657527,0.652895,0.647565,0.641541,0.63483,0.627439,0.619377,0.466026,0.658707,0.657649,0.655887,0.653422,0.650257,0.646397,0.641844,0.636603,0.630681,0.624084,0.616818,0.608892,0.44326,0.626529,0.625523,0.623846,0.621502,0.618492,0.61482,0.610489,0.605505,0.599872,0.593597,0.586687,0.579148,-0.472049,-0.303281,0.158815,-0.112149,-0.359463,0.0833698,11.3654,1641
M,0.0,0.0,0.0,0.045,0.15,0.38,0.26,0.065,0.055,0.045,0.32,0.405,0.14,0.06,0.035,0.015,0.005,0.01,0.0,0.01,0.275,0.34,0.265,0.065,0.03,0.005,0.01,0.0,0.0,0.01,10.0429,-1.23324,-0.825617,41.5556,36.9231,44.3182,2.45691,2.89121,2.66671,0.235616,0.309224,0.28555,0.485403,0.556079,0.534369,0.470173,0.664569,0.663501,0.661723,0.659236,0.656044,0.652149,0.647555,0.642268,0.636294,0.629638,0.622307,0.614311,0.476441,0.673429,0.672347,0.670546,0.668026,0.66479,0.660843,0.656189,0.650831,0.644777,0.638032,0.630604,0.622501,0.468696,0.662482,0.661417,0.659645,0.657166,0.653983,0.6501,0.645521,0.640251,0.634295,0.62766,0.620353,0.612381,-0.295937,-0.154029,-0.0150136,-0.12645,0.116956,-0.0735775,11.6617,1641
M,0.0,0.0,0.0,0.0,0.05,0.525,0.355,0.06,0.005,0.005,0.28,0.515,0.165,0.035,0.005,0.0,0.0,0.0,0.0,0.0,0.095,0.45,0.38,0.055,0.015,0.0,0.005,0.0,0.0,0.0,10.072,-1.54087,-0.142275,46.9048,42.8889,49.4872,1.16764,1.65442,1.45078,0.112141,0.165419,0.146634,0.334874,0.406717,0.382929,0.405907,0.573732,0.572811,0.571276,0.569129,0.566373,0.56301,0.559044,0.55448,0.549322,0.543576,0.537247,0.530344,0.374145,0.528838,0.527988,0.526573,0.524595,0.522054,0.518954,0.515299,0.511092,0.506337,0.501041,0.495208,0.488844,0.348477,0.492557,0.491765,0.490447,0.488604,0.486238,0.483351,0.479947,0.476028,0.4716,0.466667,0.461234,0.455307,-0.538966,-0.0501316,0.0772776,0.0339238,0.112665,0.0475619,10.6292,1641
M,0.08,0.03,0.035,0.005,0.055,0.395,0.34,0.03,0.01,0.02,0.365,0.37,0.195,0.035,0.02,0.01,0.005,0.0,0.0,0.0,0.09,0.33,0.35,0.075,0.115,0.03,0.01,0.0,0.0,0.0,8.12597,-2.07784,0.988578,45.8537,46.6667,65.0,3.51849,2.75315,2.47559,0.367235,0.263469,0.238296,0.605999,0.513293,0.488155,0.420589,0.594485,0.59353,0.591939,0.589715,0.586859,0.583374,0.579265,0.574536,0.569191,0.563237,0.55668,0.549527,0.427488,0.604236,0.603265,0.601648,0.599387,0.596485,0.592943,0.588767,0.58396,0.578527,0.572476,0.565811,0.55854,0.388511,0.549143,0.548261,0.546792,0.544737,0.542099,0.53888,0.535085,0.530716,0.525779,0.520279,0.514222,0.507614,-0.483591,0.061723,-0.0589821,-0.15564,-0.339539,0.0932074,10.8097,1641
M,0.04,0.05,0.04,0.015,0.07,0.415,0.245,0.075,0.015,0.035,0.475,0.3,0.165,0.04,0.0,0.01,0.005,0.005,0.0,0.0,0.245,0.34,0.285,0.1,0.03,0.0,0.0,0.0,0.0,0.0,8.71215,-2.91027,-0.894462,41.3636,44.8837,46.8293,3.14863,3.33817,2.57774,0.332312,0.314432,0.250465,0.576465,0.560743,0.500464,0.456833,0.645714,0.644676,0.642949,0.640533,0.637431,0.633646,0.629183,0.624046,0.618241,0.611773,0.604651,0.596881,0.441528,0.624081,0.623078,0.621408,0.619073,0.616075,0.612417,0.608104,0.603139,0.597528,0.591278,0.584394,0.576884,0.426549,0.602909,0.60194,0.600327,0.598071,0.595174,0.591641,0.587473,0.582677,0.577257,0.571218,0.564568,0.557313,-0.334938,-0.0505507,0.17283,0.370117,0.35831,0.0477686,11.413,1641
M,0.19,0.02,0.03,0.045,0.1,0.27,0.27,0.055,0.0,0.02,0.375,0.25,0.25,0.1,0.02,0.005,0.0,0.0,0.0,0.0,0.125,0.2,0.25,0.23,0.125,0.04,0.03,0.0,0.0,0.0,6.19584,-2.10504,1.71651,42.0,47.9487,52.2222,5.48307,3.5961,3.14323,0.480539,0.347472,0.293672,0.693209,0.589468,0.541915,0.466417,0.659261,0.658202,0.656438,0.653971,0.650804,0.64694,0.642383,0.637138,0.631211,0.624608,0.617337,0.609404,0.478698,0.676619,0.675532,0.673721,0.671189,0.667939,0.663973,0.659296,0.653914,0.647831,0.641054,0.633591,0.625449,0.437816,0.618834,0.61784,0.616184,0.613868,0.610895,0.607268,0.602991,0.598068,0.592504,0.586306,0.579481,0.572034,-0.152158,0.10292,-0.109004,0.166554,-0.226112,0.048736,11.0343,1641
M,0.0,0.0,0.0,0.005,0.04,0.575,0.275,0.08,0.02,0.005,0.245,0.41,0.22,0.1,0.01,0.01,0.0,0.005,0.0,0.0,0.08,0.34,0.48,0.09,0.01,0.0,0.0,0.0,0.0,0.0,10.0203,-0.811311,0.18172,42.2222,43.4091,47.75,1.45897,2.17074,1.49418,0.145077,0.208586,0.139935,0.380889,0.456712,0.374079,0.415831,0.587759,0.586815,0.585243,0.583043,0.58022,0.576775,0.572712,0.568036,0.562752,0.556865,0.550382,0.54331,0.419072,0.59234,0.591389,0.589804,0.587587,0.584742,0.58127,0.577176,0.572463,0.567138,0.561205,0.554672,0.547544,0.337848,0.477533,0.476766,0.475488,0.473702,0.471407,0.468609,0.465308,0.461509,0.457216,0.452433,0.447166,0.44142,-0.262014,0.0533637,-0.0903973,-0.0114597,-0.181315,-0.0688934,10.6139,1641
O,0.175,0.095,0.07,0.09,0.23,0.205,0.08,0.025,0.01,0.02,0.625,0.165,0.085,0.045,0.055,0.025,0.0,0.0,0.0,0.0,0.625,0.17,0.11,0.06,0.015,0.005,0.01,0.005,0.0,0.0,4.47477,-3.44831,-4.84067,43.5556,42.4444,54.2857,5.09792,3.79591,4.88305,0.439198,0.359019,0.446814,0.66272,0.599182,0.668442,0.459924,0.650082,0.649038,0.647299,0.644866,0.641743,0.637933,0.633439,0.628268,0.622423,0.615912,0.608742,0.60092,0.471673,0.666689,0.665618,0.663835,0.66134,0.658137,0.654229,0.649621,0.644317,0.638324,0.631646,0.624293,0.616271,0.512616,0.724561,0.723397,0.721458,0.718747,0.715266,0.711019,0.706011,0.700247,0.693733,0.686476,0.678484,0.669766,-0.214837,-0.645617,0.440645,0.169215,-0.450466,0.150717,11.6744,1641
O,0.105,0.07,0.055,0.115,0.32,0.195,0.06,0.025,0.005,0.05,0.63,0.18,0.085,0.05,0.035,0.005,0.015,0.0,0.0,0.0,0.74,0.13,0.065,0.025,0.01,0.005,0.01,0.01,0.0,0.005,5.74981,-3.45044,-6.14424,46.25,38.913,51.8421,4.06991,3.44794,4.40271,0.392146,0.324088,0.437029,0.626216,0.569288,0.661081,0.469523,0.66365,0.662583,0.660808,0.658324,0.655136,0.651246,0.646659,0.64138,0.635413,0.628766,0.621446,0.613461,0.462097,0.653154,0.652105,0.650357,0.647913,0.644776,0.640947,0.636433,0.631237,0.625364,0.618823,0.611618,0.603759,0.520165,0.73523,0.734049,0.732082,0.729331,0.725799,0.721489,0.716407,0.710558,0.703948,0.696585,0.688475,0.679628,-0.294553,-0.656704,0.366931,0.249438,-0.303162,-0.100783,12.0727,1641
O,0.175,0.055,0.035,0.08,0.255,0.245,0.09,0.02,0.01,0.035,0.52,0.195,0.12,0.08,0.055,0.02,0.01,0.0,0.0,0.0,0.575,0.145,0.12,0.105,0.025,0.005,0.01,0.01,0.0,0.005,5.20826,-2.85596,-4.54207,49.2308,40.8511,48.75,5.07891,4.28951,5.71235,0.459217,0.387458,0.4917,0.677655,0.622461,0.701213,0.486496,0.68764,0.686536,0.684696,0.682123,0.678819,0.674789,0.670036,0.664565,0.658383,0.651496,0.643911,0.635637,0.488766,0.69085,0.68974,0.687891,0.685306,0.681987,0.677938,0.673163,0.667667,0.661456,0.654537,0.646917,0.638604,0.526336,0.743953,0.742758,0.740767,0.737983,0.734409,0.730049,0.724907,0.718988,0.7123,0.704849,0.696643,0.687691,-0.445727,-0.633114,0.350239,-0.226313,-0.445511,0.131298,12.2136,1641
O,0.09,0.05,0.05,0.125,0.185,0.33,0.09,0.015,0.01,0.055,0.67,0.125,0.085,0.065,0.025,0.015,0.005,0.01,0.0,0.0,0.81,0.075,0.065,0.0,0.01,0.01,0.015,0.01,0.0,0.005,6.38952,-3.51067,-6.00949,58.4848,43.8636,50.5405,4.04533,3.64752,4.74399,0.389721,0.354361,0.466755,0.624277,0.595283,0.683195,0.496206,0.701366,0.700239,0.698362,0.695738,0.692368,0.688258,0.68341,0.67783,0.671525,0.6645,0.656764,0.648324,0.484842,0.685303,0.684202,0.682368,0.679804,0.676512,0.672495,0.667758,0.662306,0.656145,0.649282,0.641723,0.633476,0.536258,0.757978,0.75676,0.754732,0.751896,0.748254,0.743812,0.738573,0.732543,0.725728,0.718137,0.709776,0.700655,-0.268733,-0.620481,0.418832,0.30979,-0.229238,0.0537921,12.6198,1641
O,0.095,0.06,0.07,0.095,0.3,0.25,0.065,0.02,0.005,0.04,0.65,0.19,0.06,0.06,0.015,0.01,0.005,0.01,0.0,0.0,0.845,0.095,0.015,0.005,0.0,0.005,0.01,0.01,0.005,0.01,5.79005,-3.24084,-6.5473,58.1818,41.7778,60.0,3.82302,3.07283,4.00503,0.371924,0.31487,0.440364,0.609856,0.561133,0.663599,0.467772,0.661175,0.660113,0.658344,0.65587,0.652693,0.648818,0.644248,0.638988,0.633044,0.626422,0.619129,0.611173,0.467854,0.661291,0.660228,0.658459,0.655985,0.652808,0.648932,0.644361,0.6391,0.633155,0.626532,0.619238,0.61128,0.526063,0.743567,0.742372,0.740383,0.7376,0.734028,0.72967,0.724531,0.718615,0.71193,0.704483,0.696281,0.687334,-0.201827,-0.621006,0.426146,0.429931,-0.182746,-0.000408098,12.0917,1641
O,0.2,0.065,0.09,0.115,0.125,0.185,0.14,0.03,0.02,0.03,0.64,0.08,0.095,0.045,0.065,0.02,0.025,0.01,0.005,0.015,0.46,0.22,0.165,0.06,0.02,0.03,0.03,0.005,0.0,0.01,4.28855,-3.03923,-2.87082,56.9697,42.6087,46.0,5.99945,5.31981,5.23092,0.52389,0.502484,0.516976,0.723803,0.708861,0.71901,0.495743,0.700711,0.699585,0.69771,0.695088,0.691722,0.687615,0.682771,0.677197,0.670897,0.663879,0.65615,0.647719,0.538892,0.7617,0.760476,0.758438,0.755588,0.751929,0.747464,0.742199,0.73614,0.729292,0.721663,0.713261,0.704096,0.535362,0.756711,0.755496,0.753471,0.75064,0.747004,0.742569,0.737339,0.731319,0.724516,0.716937,0.70859,0.699485,-0.291545,-0.29248,0.117136,-0.11882,-0.135777,-0.0310676,12.7225,1641
O,0.215,0.04,0.05,0.075,0.1,0.28,0.14,0.05,0.02,0.03,0.505,0.315,0.08,0.03,0.02,0.03,0.005,0.0,0.005,0.01,0.295,0.15,0.275,0.185,0.085,0.0,0.0,0.005,0.0,0.005,5.11224,-2.81038,-0.887351,58.7879,42.5,46.9231,6.24813,3.5886,4.28676,0.53245,0.395437,0.4053,0.729692,0.628837,0.636632,0.480203,0.678746,0.677656,0.67584,0.6733,0.670039,0.666061,0.661369,0.65597,0.649868,0.64307,0.635583,0.627416,0.514657,0.727445,0.726277,0.72433,0.721608,0.718114,0.71385,0.708822,0.703035,0.696495,0.689209,0.681185,0.672432,0.477235,0.674551,0.673468,0.671663,0.669139,0.665898,0.661944,0.657282,0.651916,0.645851,0.639095,0.631655,0.623538,-0.453168,-0.404482,0.163984,-0.27183,-0.389612,0.107913,11.4203,1641
O,0.2,0.05,0.04,0.105,0.085,0.365,0.095,0.01,0.01,0.04,0.71,0.12,0.065,0.045,0.025,0.005,0.01,0.0,0.005,0.015,0.39,0.225,0.215,0.1,0.03,0.03,0.0,0.005,0.0,0.005,4.76001,-3.75714,-1.76308,52.7778,37.1154,62.5806,5.84711,3.78076,3.90169,0.517085,0.398717,0.371696,0.719086,0.63144,0.609669,0.496519,0.701808,0.70068,0.698802,0.696176,0.692805,0.688691,0.68384,0.678257,0.671948,0.664919,0.657178,0.648733,0.50878,0.719138,0.717983,0.716059,0.713368,0.709913,0.705698,0.700727,0.695006,0.688541,0.681339,0.673406,0.664753,0.4804,0.679025,0.677934,0.676117,0.673576,0.670314,0.666334,0.661641,0.656239,0.650134,0.643334,0.635844,0.627673,-0.475306,-0.466023,0.298426,-0.247775,-0.368174,0.154754,11.6195,1641
O,0.165,0.06,0.05,0.065,0.175,0.265,0.115,0.02,0.0,0.085,0.65,0.115,0.05,0.075,0.06,0.01,0.005,0.015,0.005,0.015,0.495,0.21,0.14,0.095,0.01,0.03,0.005,0.01,0.005,0.0,5.84868,-3.71,-3.5914,54.2424,42.6667,51.0811,5.72552,5.20558,5.3519,0.529683,0.485628,0.498209,0.727793,0.69687,0.705839,0.526808,0.74462,0.743424,0.741431,0.738645,0.735068,0.730703,0.725557,0.719633,0.712938,0.705481,0.697267,0.688308,0.541294,0.765096,0.763866,0.761819,0.758956,0.755281,0.750796,0.745508,0.739421,0.732543,0.72488,0.716441,0.707235,0.527736,0.745932,0.744734,0.742738,0.739947,0.736363,0.731991,0.726836,0.720901,0.714195,0.706724,0.698497,0.689521,-0.266604,-0.48813,0.174807,0.0373364,-0.297123,-0.0523504,13.468,1641
O,0.055,0.07,0.1,0.115,0.145,0.195,0.145,0.08,0.04,0.055,0.56,0.22,0.08,0.05,0.05,0.02,0.005,0.0,0.01,0.005,0.42,0.15,0.125,0.16,0.065,0.055,0.005,0.01,0.0,0.01,7.27733,-3.43926,-1.69294,60.3125,44.3182,46.8421,4.77433,4.72435,5.55889,0.417575,0.440393,0.519737,0.646201,0.663621,0.720928,0.5013,0.708566,0.707428,0.705532,0.702881,0.699477,0.695324,0.690426,0.684789,0.678419,0.671322,0.663507,0.654981,0.52909,0.747846,0.746644,0.744643,0.741845,0.738252,0.733869,0.7287,0.722751,0.716027,0.708537,0.700288,0.69129,0.523842,0.740428,0.739239,0.737258,0.734487,0.73093,0.72659,0.721472,0.715582,0.708925,0.701509,0.693342,0.684433,-0.480159,-0.367137,0.191981,-0.189977,-0.314072,0.0978593,12.5408,1641
O,0.18,0.09,0.095,0.065,0.17,0.16,0.175,0.025,0.005,0.035,0.58,0.15,0.095,0.065,0.055,0.025,0.01,0.01,0.005,0.005,0.325,0.195,0.24,0.135,0.06,0.03,0.01,0.005,0.0,0.0,4.86439,-3.46701,-0.926936,51.8919,48.6842,53.6111,5.40792,5.29533,4.25988,0.45492,0.46955,0.410776,0.674478,0.685237,0.640918,0.462793,0.654138,0.653087,0.651337,0.648889,0.645746,0.641912,0.637391,0.632187,0.626306,0.619755,0.612539,0.604668,0.503999,0.712381,0.711237,0.709331,0.706665,0.703243,0.699067,0.694143,0.688476,0.682072,0.674937,0.667079,0.658507,0.486792,0.688059,0.686954,0.685113,0.682538,0.679233,0.6752,0.670444,0.66497,0.658784,0.651893,0.644303,0.636024,-0.316101,-0.454189,0.133392,-0.0522842,-0.455961,0.0690742,11.5031,1641
O,0.035,0.055,0.06,0.125,0.185,0.145,0.105,0.14,0.075,0.075,0.635,0.165,0.065,0.085,0.01,0.015,0.015,0.005,0.0,0.005,0.31,0.33,0.24,0.07,0.025,0.0,0.005,0.005,0.005,0.01,8.55609,-4.3033,-1.46483,58.1818,41.5217,43.3333,4.94089,4.83338,3.50749,0.424031,0.46697,0.397903,0.651177,0.683352,0.630795,0.503359,0.711476,0.710333,0.708429,0.705767,0.702349,0.698179,0.693261,0.687601,0.681205,0.674079,0.666231,0.65767,0.533061,0.753458,0.752248,0.750232,0.747413,0.743793,0.739377,0.734169,0.728175,0.721401,0.713855,0.705544,0.696478,0.510822,0.722024,0.720864,0.718932,0.716231,0.712762,0.70853,0.703539,0.697795,0.691304,0.684073,0.676109,0.667421,-0.456532,-0.419022,0.371761,-0.0196704,-0.382997,0.288885,12.8054,1641
O,0.295,0.04,0.075,0.01,0.14,0.18,0.1,0.05,0.04,0.07,0.485,0.18,0.15,0.085,0.07,0.015,0.01,0.0,0.0,0.005,0.355,0.195,0.085,0.135,0.155,0.04,0.03,0.0,0.0,0.005,4.31568,-2.80151,-0.569655,51.3158,50.2564,61.25,7.59789,4.88547,5.21392,0.630136,0.439614,0.480414,0.793811,0.663034,0.693119,0.523941,0.740568,0.739379,0.737397,0.734626,0.731068,0.726728,0.721609,0.715717,0.709059,0.701642,0.693474,0.684562,0.509891,0.720709,0.719551,0.717623,0.714926,0.711463,0.707239,0.702258,0.696524,0.690045,0.682826,0.674877,0.666205,0.511151,0.72249,0.721329,0.719396,0.716692,0.713221,0.708987,0.703993,0.698245,0.69175,0.684514,0.676545,0.667851,-0.243861,-0.419706,0.0208129,-0.078966,-0.427364,-0.0148737,12.6992,1641
O,0.19,0.05,0.06,0.09,0.15,0.165,0.105,0.045,0.035,0.11,0.58,0.15,0.105,0.1,0.025,0.03,0.01,0.0,0.0,0.0,0.545,0.095,0.145,0.105,0.06,0.03,0.0,0.0,0.005,0.015,6.189,-3.5663,-3.38193,65.1724,41.9565,50.5128,6.2781,4.72793,5.96773,0.552754,0.424743,0.528333,0.743474,0.651723,0.726865,0.51441,0.727096,0.725928,0.723983,0.721262,0.717769,0.713507,0.708481,0.702697,0.69616,0.688878,0.680858,0.672109,0.512784,0.724798,0.723634,0.721694,0.718982,0.7155,0.711252,0.706242,0.700476,0.69396,0.686701,0.678706,0.669985,0.541103,0.764826,0.763597,0.761551,0.758689,0.755015,0.750532,0.745245,0.739161,0.732285,0.724625,0.716189,0.706986,-0.320358,-0.55195,0.245065,-0.00514101,-0.414396,0.0441068,13.4392,1641
O,0.15,0.13,0.065,0.215,0.2,0.085,0.04,0.04,0.01,0.065,0.545,0.195,0.095,0.045,0.05,0.01,0.015,0.025,0.01,0.01,0.685,0.11,0.085,0.03,0.04,0.005,0.0,0.005,0.015,0.025,4.38159,-2.49424,-6.02693,48.9744,37.6,57.7419,4.87672,4.7669,6.60678,0.457351,0.461529,0.604449,0.676278,0.67936,0.777463,0.500364,0.707243,0.706106,0.704214,0.701568,0.69817,0.694025,0.689136,0.68351,0.677152,0.670068,0.662267,0.653757,0.524811,0.741798,0.740606,0.738621,0.735845,0.732282,0.727934,0.722807,0.716905,0.710236,0.702807,0.694625,0.685699,0.573269,0.810291,0.808989,0.806821,0.803789,0.799896,0.795147,0.789546,0.7831,0.775815,0.7677,0.758762,0.749012,0.0775777,-0.440183,0.39472,0.359186,-0.172913,0.247597,13.3398,1641
O,0.145,0.03,0.055,0.075,0.205,0.31,0.08,0.035,0.025,0.04,0.67,0.105,0.085,0.04,0.045,0.025,0.01,0.0,0.01,0.01,0.525,0.145,0.155,0.085,0.045,0.025,0.005,0.005,0.0,0.01,6.11058,-3.5884,-3.66142,49.4872,47.3171,54.1667,4.71396,4.60015,5.8343,0.44007,0.448796,0.537446,0.663378,0.669922,0.733107,0.486865,0.688163,0.687057,0.685216,0.682641,0.679335,0.675302,0.670545,0.66507,0.658884,0.651991,0.644401,0.63612,0.525843,0.743256,0.742062,0.740073,0.737292,0.733721,0.729365,0.724228,0.718315,0.711633,0.704188,0.69599,0.687047,0.54412,0.76909,0.767854,0.765796,0.762919,0.759224,0.754716,0.7494,0.743282,0.736367,0.728664,0.720181,0.710927,-0.449405,-0.516734,0.327022,-0.168391,-0.330834,0.144631,12.9407,1641
O,0.165,0.075,0.075,0.11,0.2,0.205,0.075,0.03,0.025,0.04,0.575,0.18,0.095,0.07,0.03,0.025,0.02,0.0,0.005,0.0,0.515,0.12,0.105,0.125,0.065,0.045,0.02,0.0,0.005,0.0,4.9467,-3.32699,-3.52543,52.5714,42.1739,49.7222,5.25061,4.51987,6.51751,0.476358,0.415742,0.56328,0.690187,0.64478,0.75052,0.504137,0.712576,0.711431,0.709524,0.706858,0.703435,0.699258,0.694333,0.688664,0.682258,0.675121,0.667261,0.658687,0.513252,0.72546,0.724294,0.722353,0.719638,0.716153,0.711901,0.706887,0.701115,0.694593,0.687327,0.679326,0.670596,0.536084,0.757731,0.756514,0.754487,0.751651,0.748011,0.74357,0.738332,0.732304,0.725492,0.717903,0.709545,0.700428,-0.287544,-0.597859,0.310949,0.00561685,-0.48615,0.140276,12.7587,1641
O,0.135,0.04,0.055,0.05,0.095,0.38,0.095,0.06,0.055,0.035,0.615,0.185,0.1,0.04,0.02,0.01,0.01,0.01,0.0,0.01,0.505,0.19,0.135,0.085,0.04,0.03,0.005,0.01,0.0,0.0,6.70916,-3.70314,-3.16308,46.5854,41.5217,53.3333,4.90702,4.2886,4.95698,0.462131,0.415007,0.465485,0.679802,0.64421,0.682265,0.519481,0.734264,0.733085,0.73112,0.728372,0.724845,0.720541,0.715466,0.709625,0.703023,0.695669,0.68757,0.678735,0.516856,0.730554,0.72938,0.727426,0.724692,0.721182,0.7169,0.711851,0.706039,0.699471,0.692154,0.684096,0.675305,0.510837,0.722046,0.720886,0.718954,0.716252,0.712783,0.708551,0.70356,0.697816,0.691325,0.684093,0.676129,0.66744,-0.251514,-0.456846,0.273558,0.221518,-0.233112,0.0556898,12.6868,1641
P,0.16,0.14,0.14,0.22,0.115,0.05,0.06,0.025,0.01,0.08,0.655,0.095,0.11,0.07,0.05,0.005,0.005,0.01,0.0,0.0,0.525,0.145,0.08,0.095,0.05,0.03,0.02,0.015,0.015,0.025,4.04872,-4.89449,-2.80911,57.6471,43.6364,56.6667,5.11678,5.23139,6.59584,0.46921,0.479452,0.60006,0.684989,0.692425,0.774635,0.512117,0.723856,0.722693,0.720756,0.718047,0.71457,0.710327,0.705324,0.699565,0.693058,0.685808,0.677824,0.669114,0.529863,0.748938,0.747735,0.745731,0.742928,0.73933,0.734941,0.729764,0.723806,0.717073,0.709572,0.701311,0.692299,0.546211,0.772046,0.770806,0.76874,0.765851,0.762142,0.757617,0.75228,0.746139,0.739198,0.731465,0.722949,0.713659,-0.572371,0.155572,-0.115646,-0.386503,0.393943,-0.389189,12.9139,1641
P,0.305,0.115,0.11,0.13,0.11,0.05,0.04,0.01,0.035,0.095,0.58,0.135,0.18,0.07,0.015,0.01,0.01,0.0,0.0,0.0,0.54,0.21,0.1,0.035,0.035,0.02,0.015,0.015,0.01,0.02,2.90939,-4.00979,-3.89036,54.1176,39.1667,48.75,6.3424,4.76168,6.25266,0.558675,0.420531,0.573831,0.747445,0.648483,0.757516,0.525933,0.743383,0.742189,0.7402,0.737418,0.733847,0.72949,0.724352,0.718438,0.711755,0.704309,0.69611,0.687165,0.515401,0.728496,0.727326,0.725377,0.722651,0.719151,0.714881,0.709846,0.70405,0.697501,0.690205,0.682169,0.673403,0.550051,0.777473,0.776224,0.774144,0.771234,0.767499,0.762942,0.757569,0.751383,0.744394,0.736607,0.728031,0.718676,-0.29181,0.172975,0.121054,-0.126767,0.380947,-0.161312,12.7059,1641
P,0.305,0.145,0.12,0.09,0.115,0.07,0.02,0.01,0.02,0.105,0.58,0.145,0.19,0.05,0.025,0.005,0.005,0.0,0.0,0.0,0.47,0.11,0.115,0.055,0.1,0.045,0.05,0.025,0.005,0.025,2.76954,-4.42578,-1.53701,75.2381,36.2264,49.2105,6.5678,4.91159,6.97659,0.569651,0.427827,0.600675,0.754752,0.654085,0.775032,0.516177,0.729594,0.728422,0.72647,0.72374,0.720235,0.715958,0.710915,0.705111,0.698552,0.691245,0.683197,0.674418,0.518428,0.732775,0.731598,0.729638,0.726896,0.723375,0.71908,0.714015,0.708186,0.701598,0.694259,0.686176,0.677359,0.542954,0.767442,0.766209,0.764155,0.761284,0.757597,0.753099,0.747794,0.741689,0.734789,0.727103,0.718638,0.709403,-0.506879,0.357583,-0.238862,-0.412616,0.446465,-0.433103,12.5628,1641
P,0.24,0.145,0.14,0.13,0.12,0.065,0.025,0.02,0.02,0.095,0.64,0.11,0.115,0.105,0.015,0.01,0.0,0.0,0.0,0.005,0.185,0.145,0.11,0.16,0.16,0.07,0.065,0.045,0.015,0.045,3.60759,-5.80025,3.34385,67.5862,39.1837,47.5,5.68424,6.03415,5.56097,0.501568,0.497546,0.505035,0.708215,0.70537,0.710658,0.51356,0.725895,0.724729,0.722786,0.72007,0.716583,0.712328,0.707311,0.701536,0.69501,0.68774,0.679733,0.670999,0.539706,0.762851,0.761625,0.759584,0.756729,0.753065,0.748593,0.743321,0.737252,0.730394,0.722753,0.714339,0.70516,0.537912,0.760315,0.759094,0.757059,0.754214,0.750562,0.746105,0.74085,0.734801,0.727966,0.720351,0.711965,0.702816,-0.584329,0.52444,-0.639085,-0.430333,0.411549,-0.528574,12.3734,1641
P,0.29,0.205,0.135,0.115,0.105,0.02,0.02,0.015,0.01,0.085,0.61,0.135,0.19,0.045,0.015,0.005,0.0,0.0,0.0,0.0,0.445,0.165,0.105,0.07,0.085,0.045,0.02,0.02,0.025,0.02,1.83048,-5.032,-1.10644,66.2069,41.0638,58.7097,5.7123,4.94429,5.98261,0.525477,0.414815,0.548122,0.724898,0.644061,0.740353,0.493065,0.696926,0.695806,0.693941,0.691333,0.687985,0.683901,0.679083,0.673539,0.667273,0.660293,0.652606,0.64422,0.511386,0.722821,0.72166,0.719726,0.717021,0.713549,0.709312,0.704316,0.698566,0.692067,0.684828,0.676855,0.668157,0.529485,0.748405,0.747202,0.7452,0.742399,0.738804,0.734417,0.729244,0.723291,0.716562,0.709067,0.700812,0.691806,-0.425487,0.378008,-0.101289,-0.366045,0.428412,-0.257235,11.7223,1641
P,0.385,0.065,0.08,0.105,0.055,0.135,0.07,0.03,0.0,0.075,0.735,0.15,0.065,0.045,0.005,0.0,0.0,0.0,0.0,0.0,0.275,0.195,0.24,0.125,0.065,0.03,0.03,0.02,0.005,0.015,2.38415,-5.70358,0.463709,66.6667,44.1463,57.5758,6.87525,4.12764,4.3442,0.568014,0.370281,0.419966,0.753667,0.608507,0.648048,0.503332,0.711438,0.710295,0.708391,0.705729,0.702311,0.698141,0.693224,0.687564,0.681168,0.674043,0.666195,0.657635,0.490495,0.693293,0.692179,0.690324,0.68773,0.6844,0.680336,0.675544,0.670029,0.663796,0.656852,0.649205,0.640863,0.501182,0.708399,0.707261,0.705365,0.702715,0.699311,0.695159,0.690263,0.684627,0.678258,0.671163,0.66335,0.654826,-0.391041,0.291705,-0.331498,-0.279863,0.282035,-0.406613,11.3891,1641
P,0.255,0.15,0.095,0.155,0.14,0.045,0.02,0.01,0.03,0.1,0.585,0.17,0.175,0.055,0.01,0.005,0.0,0.0,0.0,0.0,0.61,0.17,0.07,0.035,0.03,0.01,0.015,0.02,0.01,0.03,3.29216,-4.43831,-3.51356,65.3571,38.9583,50.5405,5.96438,4.57836,5.64188,0.531603,0.394616,0.529467,0.729111,0.628184,0.727645,0.497079,0.7026,0.701471,0.699591,0.696962,0.693587,0.689469,0.684613,0.679023,0.672707,0.66567,0.65792,0.649466,0.498206,0.704192,0.703061,0.701177,0.698542,0.695159,0.691031,0.686164,0.680562,0.674231,0.667178,0.659411,0.650937,0.524926,0.74196,0.740768,0.738783,0.736007,0.732442,0.728094,0.722965,0.717063,0.710392,0.702961,0.694777,0.685849,-0.573182,0.315483,-0.0262816,-0.451227,0.585919,-0.410276,12.0585,1641
P,0.155,0.17,0.16,0.115,0.15,0.075,0.02,0.01,0.01,0.135,0.57,0.175,0.15,0.085,0.02,0.0,0.0,0.0,0.0,0.0,0.585,0.195,0.075,0.005,0.02,0.045,0.03,0.01,0.02,0.015,4.54124,-3.91362,-3.92784,58.125,43.3333,47.5,5.83533,4.15483,6.30286,0.518721,0.364451,0.560762,0.720223,0.603698,0.748841,0.499316,0.705762,0.704628,0.70274,0.700099,0.696708,0.692572,0.687693,0.682079,0.675734,0.668665,0.660881,0.652388,0.480974,0.679836,0.678743,0.676924,0.674381,0.671115,0.66713,0.662431,0.657023,0.650911,0.644102,0.636603,0.628423,0.51361,0.725965,0.724799,0.722856,0.72014,0.716652,0.712397,0.707379,0.701604,0.695077,0.687806,0.679799,0.671063,-0.650289,0.23728,0.0628426,-0.490247,0.618029,-0.28803,12.3493,1641
P,0.175,0.135,0.145,0.14,0.16,0.085,0.015,0.025,0.015,0.105,0.62,0.15,0.15,0.06,0.015,0.005,0.0,0.0,0.0,0.0,0.61,0.125,0.06,0.04,0.06,0.04,0.015,0.02,0.01,0.02,4.24203,-4.95885,-3.28398,52.6471,42.8889,45.6098,5.50016,4.79035,6.09755,0.503178,0.412519,0.549469,0.70935,0.642276,0.741262,0.504095,0.712516,0.711371,0.709465,0.706799,0.703376,0.699199,0.694274,0.688606,0.6822,0.675064,0.667205,0.658631,0.516445,0.729973,0.7288,0.726847,0.724116,0.720609,0.71633,0.711285,0.705478,0.698915,0.691604,0.683552,0.674768,0.53866,0.761373,0.760149,0.758112,0.755263,0.751606,0.747143,0.74188,0.735823,0.728978,0.721353,0.712955,0.703793,-0.570912,0.160236,-0.0296761,-0.365614,0.454451,-0.401506,12.5984,1641
P,0.13,0.18,0.12,0.16,0.13,0.08,0.035,0.02,0.02,0.125,0.585,0.175,0.13,0.095,0.01,0.0,0.0,0.0,0.005,0.0,0.66,0.135,0.05,0.04,0.045,0.04,0.015,0.01,0.005,0.0,4.88412,-3.88341,-4.51986,71.4815,36.0377,51.0811,5.80395,4.16666,5.32742,0.517171,0.363491,0.48257,0.719146,0.602902,0.694673,0.496707,0.702074,0.700946,0.699068,0.69644,0.693068,0.688953,0.6841,0.678515,0.672203,0.665171,0.657427,0.648979,0.479472,0.677713,0.676624,0.674811,0.672275,0.669019,0.665047,0.660362,0.654971,0.648878,0.64209,0.634615,0.62646,0.499027,0.705353,0.70422,0.702333,0.699694,0.696305,0.692171,0.687295,0.681684,0.675343,0.668278,0.660498,0.652011,-0.568579,0.11954,0.190522,-0.352388,0.614679,-0.21393,12.3147,1641
P,0.155,0.15,0.15,0.125,0.165,0.05,0.04,0.02,0.01,0.135,0.64,0.155,0.125,0.075,0.005,0.0,0.0,0.0,0.0,0.0,0.545,0.215,0.055,0.075,0.05,0.015,0.015,0.02,0.005,0.005,4.76095,-4.70646,-3.50693,82.8571,41.9149,48.9744,5.93791,4.28922,5.3931,0.525605,0.356294,0.481669,0.724986,0.596904,0.694024,0.501888,0.709397,0.708257,0.706359,0.703704,0.700296,0.696138,0.691235,0.685592,0.679214,0.672109,0.664284,0.655748,0.471578,0.666555,0.665484,0.663701,0.661207,0.658004,0.654098,0.64949,0.644188,0.638195,0.631519,0.624167,0.616147,0.503426,0.711571,0.710428,0.708524,0.705861,0.702443,0.698272,0.693354,0.687693,0.681296,0.674169,0.66632,0.657758,-0.652714,0.206999,0.1861,-0.462398,0.60623,-0.194456,12.1007,1641
P,0.165,0.15,0.11,0.135,0.16,0.065,0.045,0.01,0.02,0.14,0.555,0.185,0.15,0.095,0.01,0.0,0.005,0.0,0.0,0.0,0.575,0.18,0.085,0.07,0.035,0.035,0.01,0.005,0.005,0.0,4.99104,-3.64131,-3.92264,49.7297,40.625,46.3415,6.07562,3.9847,5.25195,0.539024,0.33136,0.459615,0.734183,0.575638,0.677949,0.505069,0.713893,0.712746,0.710836,0.708164,0.704735,0.70055,0.695616,0.689937,0.683519,0.676368,0.668494,0.659904,0.473722,0.669585,0.66851,0.666718,0.664213,0.660996,0.657071,0.652443,0.647116,0.641096,0.63439,0.627005,0.618948,0.492575,0.696233,0.695114,0.693251,0.690646,0.687301,0.683221,0.678408,0.672869,0.66661,0.659637,0.651957,0.64358,-0.522963,0.12591,0.316642,-0.282855,0.570906,-0.000572071,12.0413,1641
P,0.155,0.16,0.07,0.175,0.17,0.085,0.035,0.025,0.015,0.11,0.58,0.175,0.14,0.075,0.015,0.01,0.005,0.0,0.0,0.0,0.625,0.165,0.1,0.04,0.02,0.03,0.015,0.0,0.005,0.0,4.68489,-3.7074,-4.606,71.9231,40.4167,52.5,5.7475,4.0409,5.13258,0.526956,0.342853,0.451384,0.725917,0.585537,0.671851,0.508648,0.718951,0.717796,0.715872,0.713182,0.709728,0.705514,0.700545,0.694825,0.688362,0.681161,0.673231,0.66458,0.474825,0.671144,0.670066,0.66827,0.665759,0.662535,0.658601,0.653962,0.648623,0.642589,0.635867,0.628464,0.620388,0.491168,0.694244,0.693129,0.691271,0.688673,0.685338,0.681269,0.676471,0.670948,0.664706,0.657753,0.650095,0.641741,-0.487412,-0.0353994,0.377738,-0.244057,0.402039,0.0346577,12.0505,1641
P,0.175,0.11,0.1,0.14,0.11,0.15,0.085,0.02,0.015,0.095,0.635,0.175,0.115,0.05,0.015,0.01,0.0,0.0,0.0,0.0,0.47,0.245,0.135,0.055,0.035,0.03,0.01,0.01,0.005,0.005,4.95693,-3.96068,-2.94477,61.3793,43.1111,51.0526,5.83,3.52697,5.06801,0.505957,0.322007,0.456362,0.711307,0.567457,0.675546,0.510383,0.721405,0.720246,0.718315,0.715616,0.71215,0.707922,0.702936,0.697197,0.690711,0.683486,0.675528,0.666848,0.47809,0.675759,0.674674,0.672865,0.670337,0.66709,0.66313,0.658459,0.653083,0.647008,0.64024,0.632786,0.624655,0.511753,0.723341,0.722178,0.720243,0.717536,0.714061,0.709822,0.704822,0.699068,0.692565,0.68532,0.677341,0.668637,-0.515315,0.140264,0.252211,-0.228302,0.503648,-0.029433,11.516,1641
P,0.15,0.14,0.12,0.13,0.22,0.065,0.015,0.025,0.025,0.11,0.65,0.13,0.125,0.08,0.01,0.0,0.005,0.0,0.0,0.0,0.54,0.185,0.115,0.09,0.03,0.025,0.005,0.01,0.0,0.0,4.78379,-4.07511,-4.34661,71.9231,37.3077,47.8049,5.64838,3.79432,5.69767,0.511805,0.329616,0.481641,0.715406,0.574122,0.694003,0.503796,0.712093,0.710949,0.709044,0.706379,0.702958,0.698785,0.693863,0.688198,0.681796,0.674664,0.666809,0.658241,0.479975,0.678423,0.677334,0.675518,0.67298,0.669721,0.665744,0.661055,0.655658,0.649559,0.642764,0.635281,0.627117,0.493061,0.69692,0.695801,0.693936,0.691328,0.68798,0.683895,0.679078,0.673534,0.667268,0.660288,0.652601,0.644215,-0.608275,0.012158,0.378775,-0.390671,0.439048,0.0389518,12.0691,1641
P,0.2,0.065,0.095,0.08,0.145,0.225,0.055,0.01,0.015,0.11,0.585,0.215,0.13,0.065,0.0,0.005,0.0,0.0,0.0,0.0,0.425,0.355,0.1,0.05,0.045,0.01,0.005,0.01,0.0,0.0,5.60281,-3.73936,-3.12601,64.6429,41.3043,53.0556,5.85066,3.48478,4.52639,0.511488,0.300459,0.41305,0.715184,0.548141,0.64269,0.502301,0.70998,0.708839,0.70694,0.704283,0.700872,0.696711,0.691804,0.686155,0.679772,0.672662,0.66483,0.656287,0.470302,0.664751,0.663683,0.661905,0.659417,0.656224,0.652327,0.647733,0.642444,0.636468,0.62981,0.622478,0.614479,0.484288,0.684519,0.68342,0.681588,0.679027,0.675738,0.671726,0.666995,0.661549,0.655395,0.648539,0.640989,0.632752,-0.54656,0.0665027,0.316926,-0.239285,0.50991,0.00787795,11.4693,1641
P,0.04,0.06,0.05,0.065,0.21,0.405,0.1,0.005,0.02,0.045,0.695,0.21,0.05,0.03,0.01,0.005,0.0,0.0,0.0,0.0,0.365,0.39,0.165,0.04,0.02,0.015,0.005,0.0,0.0,0.0,7.32313,-3.5122,-2.3422,53.3333,37.1698,46.8293,3.49646,2.23556,3.45069,0.343582,0.235598,0.323022,0.586159,0.485384,0.56835,0.464368,0.656364,0.65531,0.653554,0.651097,0.647944,0.644097,0.63956,0.634339,0.628438,0.621864,0.614624,0.606726,0.45086,0.637272,0.636248,0.634543,0.632158,0.629097,0.625361,0.620957,0.615887,0.610158,0.603775,0.596746,0.589078,0.437858,0.618894,0.617899,0.616243,0.613928,0.610954,0.607327,0.603049,0.598125,0.592561,0.586363,0.579536,0.572089,-0.646992,-0.105163,0.449168,-0.111615,0.558978,0.192951,10.6995,1641
P,0.14,0.16,0.13,0.14,0.12,0.14,0.045,0.01,0.02,0.095,0.6,0.16,0.135,0.07,0.01,0.01,0.01,0.0,0.005,0.0,0.61,0.165,0.1,0.035,0.04,0.02,0.01,0.005,0.01,0.005,4.60732,-3.61626,-3.93955,59.6774,42.4444,49.0,5.70793,4.02628,5.01416,0.50182,0.354114,0.46522,0.708392,0.595075,0.682071,0.500806,0.707868,0.706731,0.704837,0.702188,0.698787,0.694638,0.689745,0.684114,0.67775,0.67066,0.662853,0.654335,0.496205,0.701365,0.700238,0.698361,0.695737,0.692368,0.688257,0.683409,0.677829,0.671524,0.664499,0.656763,0.648324,0.494977,0.699629,0.698505,0.696633,0.694015,0.690654,0.686553,0.681717,0.676151,0.669861,0.662854,0.655137,0.646719,-0.441446,0.131966,0.26089,-0.180393,0.572127,-0.0573116,11.7638,1641
Q,0.06,0.6,0.285,0.02,0.02,0.01,0.0,0.005,0.0,0.0,0.935,0.01,0.02,0.02,0.01,0.005,0.0,0.0,0.0,0.0,0.055,0.065,0.035,0.785,0.025,0.03,0.005,0.0,0.0,0.0,-0.0417968,-8.05238,2.70359,31.129,28.4848,35.4545,0.898946,1.82764,2.158,0.133267,0.23291,0.293522,0.365057,0.482607,0.541777,0.340474,0.481245,0.480472,0.479185,0.477384,0.475072,0.472251,0.468925,0.465096,0.46077,0.45595,0.450642,0.444851,0.40152,0.567531,0.56662,0.565101,0.562977,0.560251,0.556924,0.553002,0.548487,0.543384,0.5377,0.53144,0.524611,0.403632,0.570516,0.5696,0.568073,0.565939,0.563198,0.559854,0.55591,0.551372,0.546243,0.540529,0.534236,0.527371,0.0715382,-0.254013,-0.519482,0.134784,-0.28877,-0.0452383,9.96718,1641
Q,0.0,0.87,0.13,0.0,0.0,0.0,0.0,0.0,0.0,0.0,1.0,0.0,0.0,0.0,0.0,0.0,0.0,0.0,0.0,0.0,0.0,0.0,0.11,0.88,0.01,0.0,0.0,0.0,0.0,0.0,-0.331711,-9.10189,3.19469,30.4762,28.2353,30.6557,0.271604,0.532861,0.458704,0.0273741,0.065964,0.0492932,0.165451,0.256835,0.222021,0.142864,0.201932,0.201608,0.201068,0.200312,0.199342,0.198158,0.196762,0.195156,0.193341,0.191318,0.189091,0.186661,0.371641,0.525298,0.524455,0.523049,0.521083,0.51856,0.515481,0.51185,0.507671,0.502949,0.497687,0.491893,0.485572,0.257939,0.364586,0.364,0.363025,0.361661,0.359909,0.357772,0.355252,0.352352,0.349074,0.345422,0.341401,0.337014,0.649043,-0.594451,-0.96879,0.0228692,0.254821,0.143958,9.69026,1641
Q,0.0,0.98,0.02,0.0,0.0,0.0,0.0,0.0,0.0,0.0,1.0,0.0,0.0,0.0,0.0,0.0,0.0,0.0,0.0,0.0,0.0,0.005,0.025,0.965,0.005,0.0,0.0,0.0,0.0,0.0,-0.41771,-9.11452,3.22309,29.8485,31.1111,28.9706,0.176779,0.290245,0.347199,0.0169371,0.0488092,0.0408544,0.130143,0.220928,0.202125,0.0779126,0.110126,0.109949,0.109654,0.109242,0.108713,0.108068,0.107307,0.106431,0.10544,0.104338,0.103123,0.101798,0.361984,0.511648,0.510826,0.509457,0.507543,0.505084,0.502086,0.498549,0.494479,0.489879,0.484754,0.479111,0.472954,0.249615,0.35282,0.352253,0.351309,0.349989,0.348294,0.346226,0.343787,0.34098,0.337808,0.334274,0.330383,0.326137,0.877032,-0.823908,-0.978484,0.319798,0.341529,0.226312,9.69802,1641
Q,0.0,0.99,0.01,0.0,0.0,0.0,0.0,0.0,0.0,0.0,1.0,0.0,0.0,0.0,0.0,0.0,0.0,0.0,0.0,0.0,0.0,0.0,0.05,0.935,0.015,0.0,0.0,0.0,0.0,0.0,-0.456736,-9.16516,3.17108,33.6207,29.403,30.625,0.21146,0.312556,0.324402,0.0218353,0.0379672,0.039861,0.147768,0.194852,0.199652,0.0915854,0.129452,0.129244,0.128898,0.128413,0.127791,0.127033,0.126138,0.125108,0.123944,0.122648,0.12122,0.119662,0.350163,0.494941,0.494145,0.492821,0.490969,0.488591,0.485691,0.48227,0.478332,0.473882,0.468925,0.463466,0.45751,0.240573,0.340039,0.339493,0.338583,0.337311,0.335677,0.333684,0.331334,0.328629,0.325572,0.322166,0.318415,0.314324,0.826812,-0.778254,-0.979386,-0.00602518,0.381363,0.341232,9.73387,1641
Q,0.005,0.97,0.025,0.0,0.0,0.0,0.0,0.0,0.0,0.0,1.0,0.0,0.0,0.0,0.0,0.0,0.0,0.0,0.0,0.0,0.0,0.0,0.035,0.96,0.005,0.0,0.0,0.0,0.0,0.0,-0.413185,-8.98178,3.64806,28.1159,26.9014,27.3913,0.184254,0.422458,0.323894,0.0224308,0.0682835,0.0372637,0.149769,0.261311,0.193038,0.119304,0.168632,0.168361,0.16791,0.167279,0.166468,0.16548,0.164314,0.162973,0.161457,0.159768,0.157908,0.155879,0.374888,0.529888,0.529037,0.527619,0.525636,0.523091,0.519985,0.516322,0.512107,0.507343,0.502036,0.496191,0.489815,0.237498,0.335693,0.335154,0.334255,0.332999,0.331387,0.329419,0.327099,0.324428,0.32141,0.318048,0.314345,0.310306,0.786319,-0.735454,-0.986639,-0.0357998,0.569591,-0.169076,9.72626,1641
Q,0.0,1.0,0.0,0.0,0.0,0.0,0.0,0.0,0.0,0.0,1.0,0.0,0.0,0.0,0.0,0.0,0.0,0.0,0.0,0.0,0.0,0.0,0.015,0.985,0.0,0.0,0.0,0.0,0.0,0.0,-0.483323,-8.99984,3.59238,27.6056,27.0833,26.2667,0.161662,0.285914,0.267923,0.0176245,0.0382105,0.0262242,0.132757,0.195475,0.161939,0.0666662,0.0942298,0.0940784,0.0938263,0.0934737,0.093021,0.0924687,0.0918174,0.0910677,0.0902206,0.0892768,0.0882374,0.0871036,0.341579,0.482807,0.482031,0.48074,0.478933,0.476614,0.473784,0.470447,0.466606,0.462265,0.457429,0.452104,0.446294,0.226347,0.319931,0.319417,0.318561,0.317364,0.315827,0.313952,0.311741,0.309195,0.306319,0.303115,0.299586,0.295736,0.885491,-0.857357,-0.991717,-0.0614752,0.567748,0.196204,9.71572,1641
Q,0.0,0.905,0.095,0.0,0.0,0.0,0.0,0.0,0.0,0.0,1.0,0.0,0.0,0.0,0.0,0.0,0.0,0.0,0.0,0.0,0.005,0.005,0.07,0.905,0.01,0.005,0.0,0.0,0.0,0.0,-0.409474,-9.09851,3.34235,30.1538,29.697,28.806,0.217963,0.453155,0.669803,0.0228383,0.0651838,0.0698834,0.151123,0.255311,0.264355,0.1117,0.157883,0.157629,0.157207,0.156616,0.155858,0.154932,0.153841,0.152585,0.151166,0.149584,0.147843,0.145943,0.370459,0.523628,0.522787,0.521386,0.519426,0.516911,0.513842,0.510222,0.506057,0.501349,0.496105,0.490329,0.484028,0.27182,0.384206,0.383589,0.382561,0.381123,0.379278,0.377026,0.37437,0.371314,0.367859,0.364011,0.359774,0.35515,0.775684,-0.733349,-0.947055,-0.0875901,0.111478,0.245492,9.76038,1641
Q,0.0,0.92,0.08,0.0,0.0,0.0,0.0,0.0,0.0,0.0,1.0,0.0,0.0,0.0,0.0,0.0,0.0,0.0,0.0,0.0,0.0,0.0,0.065,0.925,0.01,0.0,0.0,0.0,0.0,0.0,-0.335182,-9.17125,3.13206,32.8814,32.3333,31.2903,0.21055,0.4722,0.403944,0.0207401,0.0731959,0.0430807,0.144014,0.270547,0.207559,0.100182,0.141603,0.141376,0.140997,0.140467,0.139787,0.138957,0.137978,0.136851,0.135578,0.13416,0.132598,0.130894,0.378524,0.535027,0.534167,0.532736,0.530734,0.528163,0.525027,0.521329,0.517073,0.512263,0.506904,0.501003,0.494565,0.247327,0.349586,0.349024,0.348089,0.34678,0.345101,0.343052,0.340636,0.337855,0.334712,0.33121,0.327354,0.323148,0.741555,-0.69656,-0.976024,-0.0845785,0.335156,-0.0287872,9.72373,1641
Q,0.0,0.99,0.01,0.0,0.0,0.0,0.0,0.0,0.0,0.0,1.0,0.0,0.0,0.0,0.0,0.0,0.0,0.0,0.0,0.0,0.0,0.0,0.03,0.96,0.01,0.0,0.0,0.0,0.0,0.0,-0.406015,-9.02274,3.54849,30.1538,29.6923,28.9552,0.137937,0.350377,0.313271,0.0136767,0.0508545,0.0352744,0.116947,0.225509,0.187815,0.0475768,0.0672477,0.0671397,0.0669597,0.0667081,0.0663851,0.0659909,0.0655261,0.0649911,0.0643865,0.063713,0.0629712,0.0621621,0.35776,0.505679,0.504866,0.503513,0.501621,0.499192,0.496228,0.492733,0.48871,0.484164,0.479099,0.473521,0.467437,0.2454,0.346862,0.346305,0.345377,0.344079,0.342413,0.34038,0.337982,0.335223,0.332104,0.32863,0.324804,0.320631,0.903048,-0.871476,-0.985066,0.0909649,0.376249,0.186729,9.72116,1641
Q,0.0,0.965,0.035,0.0,0.0,0.0,0.0,0.0,0.0,0.0,1.0,0.0,0.0,0.0,0.0,0.0,0.0,0.0,0.0,0.0,0.0,0.0,0.06,0.93,0.01,0.0,0.0,0.0,0.0,0.0,-0.430495,-9.09287,3.27989,31.1111,29.403,30.3077,0.206163,0.339378,0.365271,0.021567,0.041236,0.0358533,0.146857,0.203066,0.18935,0.103089,0.145712,0.145478,0.145088,0.144543,0.143843,0.142989,0.141982,0.140822,0.139512,0.138053,0.136446,0.134692,0.347006,0.490478,0.48969,0.488377,0.486542,0.484186,0.481311,0.477921,0.474019,0.469609,0.464697,0.459287,0.453385,0.235599,0.333008,0.332473,0.331582,0.330336,0.328736,0.326785,0.324483,0.321834,0.31884,0.315504,0.311831,0.307824,0.81822,-0.800549,-0.981685,0.106228,0.0660649,0.465299,9.69872,1641
Q,0.0,0.95,0.05,0.0,0.0,0.0,0.0,0.0,0.0,0.0,1.0,0.0,0.0,0.0,0.0,0.0,0.0,0.0,0.0,0.0,0.0,0.0,0.045,0.95,0.005,0.0,0.0,0.0,0.0,0.0,-0.426545,-9.1321,3.0889,32.0,28.1159,28.5294,0.203408,0.410903,0.314159,0.0210007,0.0673834,0.0361164,0.144916,0.259583,0.190043,0.109857,0.155278,0.155029,0.154613,0.154032,0.153286,0.152376,0.151303,0.150068,0.148672,0.147116,0.145404,0.143535,0.375326,0.530507,0.529655,0.528235,0.52625,0.523701,0.520592,0.516925,0.512705,0.507935,0.502622,0.49677,0.490387,0.242297,0.342476,0.341926,0.341009,0.339728,0.338083,0.336075,0.333708,0.330984,0.327905,0.324474,0.320697,0.316576,0.825694,-0.780715,-0.977224,0.159558,0.310597,0.239265,9.67342,1641
Q,0.0,0.95,0.05,0.0,0.0,0.0,0.0,0.0,0.0,0.0,1.0,0.0,0.0,0.0,0.0,0.0,0.0,0.0,0.0,0.0,0.0,0.0,0.06,0.94,0.0,0.0,0.0,0.0,0.0,0.0,-0.410468,-9.12197,3.21727,28.3824,29.2424,27.5362,0.210879,0.364594,0.29854,0.0218336,0.0492837,0.0309272,0.147762,0.221999,0.175861,0.114873,0.162368,0.162108,0.161673,0.161066,0.160286,0.159334,0.158212,0.15692,0.15546,0.153834,0.152043,0.150089,0.358187,0.506282,0.505469,0.504114,0.502219,0.499787,0.49682,0.49332,0.489293,0.484741,0.47967,0.474086,0.467994,0.220386,0.311506,0.311006,0.310172,0.309007,0.30751,0.305684,0.303531,0.301053,0.298253,0.295133,0.291697,0.287948,0.813076,-0.757212,-0.98665,0.355086,0.427778,0.132087,9.69894,1641
Q,0.03,0.885,0.085,0.0,0.0,0.0,0.0,0.0,0.0,0.0,1.0,0.0,0.0,0.0,0.0,0.0,0.0,0.0,0.0,0.0,0.0,0.0,0.215,0.78,0.005,0.0,0.0,0.0,0.0,0.0,-0.438827,-9.21975,2.86319,27.6056,29.2537,28.4058,0.305633,0.357519,0.382875,0.0431023,0.0480117,0.0377474,0.207611,0.219116,0.194287,0.153783,0.217366,0.217017,0.216435,0.215622,0.214578,0.213304,0.211801,0.210072,0.208118,0.205941,0.203543,0.200928,0.359057,0.507511,0.506696,0.505338,0.503439,0.501001,0.498026,0.494518,0.490481,0.485918,0.480835,0.475237,0.46913,0.222885,0.315038,0.314531,0.313688,0.31251,0.310996,0.30915,0.306972,0.304466,0.301634,0.298478,0.295003,0.291213,0.563225,-0.53663,-0.981001,-0.326369,0.25364,-0.0442891,9.70216,1641
Q,0.0,0.98,0.02,0.0,0.0,0.0,0.0,0.0,0.0,0.0,1.0,0.0,0.0,0.0,0.0,0.0,0.0,0.0,0.0,0.0,0.0,0.01,0.415,0.57,0.005,0.0,0.0,0.0,0.0,0.0,-0.485945,-9.36595,2.62486,31.1111,32.1311,29.0909,0.216225,0.388461,0.422489,0.0216725,0.0650448,0.0457044,0.147216,0.255039,0.213786,0.105401,0.14898,0.14874,0.148342,0.147784,0.147069,0.146195,0.145166,0.14398,0.142641,0.141149,0.139506,0.137713,0.37183,0.525566,0.524721,0.523315,0.521349,0.518824,0.515743,0.512111,0.50793,0.503205,0.497941,0.492144,0.48582,0.239843,0.339007,0.338463,0.337556,0.336287,0.334658,0.332671,0.330328,0.327631,0.324583,0.321188,0.317449,0.31337,0.857771,-0.819428,-0.961721,0.306936,0.0145428,0.197853,9.76702,1641
Q,0.0,0.955,0.045,0.0,0.0,0.0,0.0,0.0,0.0,0.0,1.0,0.0,0.0,0.0,0.0,0.0,0.0,0.0,0.0,0.0,0.0,0.01,0.045,0.94,0.005,0.0,0.0,0.0,0.0,0.0,-0.370473,-9.15427,3.17773,30.4762,28.2609,29.5385,0.172745,0.358893,0.392941,0.0198006,0.0668521,0.0467162,0.140715,0.258558,0.216139,0.104976,0.14838,0.148141,0.147744,0.147189,0.146476,0.145606,0.144581,0.1434,0.142066,0.14058,0.138944,0.137158,0.378099,0.534427,0.533569,0.532139,0.530139,0.527571,0.524439,0.520745,0.516493,0.511689,0.506336,0.500441,0.494011,0.25499,0.360417,0.359838,0.358873,0.357525,0.355793,0.353681,0.351189,0.348322,0.345082,0.341472,0.337497,0.33316,0.808667,-0.729303,-0.972293,0.244314,0.421618,0.0760797,9.72466,1641
Q,0.0,0.955,0.045,0.0,0.0,0.0,0.0,0.0,0.0,0.0,1.0,0.0,0.0,0.0,0.0,0.0,0.0,0.0,0.0,0.0,0.005,0.01,0.24,0.73,0.005,0.01,0.0,0.0,0.0,0.0,-0.363721,-9.29946,2.6666,28.2609,27.5714,27.971,0.210946,0.401485,0.445027,0.0235661,0.0587249,0.0753323,0.153513,0.242332,0.274467,0.124804,0.176405,0.176121,0.175649,0.174989,0.174142,0.173108,0.171888,0.170485,0.168899,0.167132,0.165187,0.163064,0.366195,0.517601,0.51677,0.515385,0.513448,0.510961,0.507928,0.50435,0.500232,0.495579,0.490395,0.484686,0.478457,0.293182,0.414401,0.413735,0.412626,0.411075,0.409085,0.406656,0.403791,0.400495,0.396769,0.392619,0.388048,0.383061,0.746452,-0.574012,-0.910174,0.201062,0.441504,0.447723,9.74816,1641
Q,0.015,0.91,0.075,0.0,0.0,0.0,0.0,0.0,0.0,0.0,1.0,0.0,0.0,0.0,0.0,0.0,0.0,0.0,0.0,0.0,0.0,0.005,0.24,0.74,0.015,0.0,0.0,0.0,0.0,0.0,-0.469557,-9.28725,2.70517,31.1111,27.7143,30.7812,0.329894,0.545898,0.552624,0.0389271,0.0737987,0.0568106,0.1973,0.271659,0.23835,0.185968,0.262858,0.262436,0.261732,0.260749,0.259486,0.257945,0.256128,0.254037,0.251674,0.249041,0.246142,0.242979,0.375359,0.530554,0.529701,0.528282,0.526297,0.523748,0.520638,0.516971,0.51275,0.50798,0.502666,0.496814,0.49043,0.265974,0.375943,0.375339,0.374333,0.372927,0.371121,0.368917,0.366319,0.363328,0.359948,0.356183,0.352036,0.347512,0.639961,-0.547587,-0.949203,-0.0579972,0.343953,0.10746,9.73705,1641
Q,0.0,0.975,0.025,0.0,0.0,0.0,0.0,0.0,0.0,0.0,1.0,0.0,0.0,0.0,0.0,0.0,0.0,0.0,0.0,0.0,0.0,0.01,0.105,0.88,0.005,0.0,0.0,0.0,0.0,0.0,-0.58449,-9.16476,2.86924,30.9524,29.697,28.6567,0.233307,0.414218,0.320932,0.0254769,0.0574344,0.039193,0.159615,0.239655,0.197972,0.136826,0.193398,0.193088,0.19257,0.191846,0.190917,0.189784,0.188447,0.186908,0.18517,0.183233,0.1811,0.178772,0.360022,0.508875,0.508057,0.506696,0.504791,0.502347,0.499364,0.495847,0.491799,0.487224,0.482127,0.476514,0.470391,0.240452,0.339868,0.339322,0.338413,0.337141,0.335509,0.333517,0.331167,0.328464,0.325408,0.322004,0.318255,0.314166,0.856303,-0.823359,-0.979785,0.180579,0.125084,-0.105728,9.64505,1641
R,0.645,0.185,0.1,0.02,0.015,0.0,0.0,0.015,0.01,0.01,0.825,0.13,0.015,0.005,0.015,0.01,0.0,0.0,0.0,0.0,0.49,0.105,0.155,0.16,0.04,0.005,0.0,0.0,0.005,0.04,-5.00839,-6.20984,-2.9198,25.3947,35.6364,39.5918,5.04598,3.66404,6.4958,0.453684,0.345097,0.560484,0.673561,0.58745,0.748655,0.509277,0.719841,0.718685,0.716759,0.714065,0.710607,0.706388,0.701412,0.695686,0.689214,0.682004,0.674064,0.665403,0.497254,0.702847,0.701718,0.699837,0.697208,0.693831,0.689711,0.684853,0.679262,0.672943,0.665904,0.658151,0.649694,0.541281,0.765077,0.763848,0.761801,0.758938,0.755262,0.750778,0.74549,0.739403,0.732525,0.724862,0.716424,0.707217,0.199546,0.647463,-0.122199,-0.583568,0.58778,-0.679453,13.4271,1641
R,0.78,0.09,0.045,0.025,0.015,0.015,0.015,0.015,0.0,0.0,0.93,0.07,0.0,0.0,0.0,0.0,0.0,0.0,0.0,0.0,0.595,0.145,0.17,0.055,0.0,0.0,0.005,0.0,0.0,0.03,-4.84144,-7.40293,-3.82905,25.6579,29.6875,46.1905,3.54225,3.67653,4.93769,0.35447,0.352972,0.452731,0.595374,0.594114,0.672853,0.509068,0.719545,0.718389,0.716464,0.713772,0.710315,0.706098,0.701124,0.6954,0.688931,0.681724,0.673788,0.665129,0.504911,0.713669,0.712523,0.710613,0.707943,0.704514,0.700331,0.695398,0.689721,0.683305,0.676157,0.668285,0.659697,0.524375,0.741181,0.73999,0.738007,0.735233,0.731673,0.727328,0.722205,0.716309,0.709646,0.702222,0.694047,0.685128,0.274534,0.669885,0.126517,-0.749609,0.507548,-0.62324,12.8054,1641
R,0.785,0.065,0.08,0.02,0.005,0.01,0.01,0.015,0.0,0.01,0.935,0.055,0.01,0.0,0.0,0.0,0.0,0.0,0.0,0.0,0.635,0.14,0.125,0.055,0.01,0.005,0.0,0.0,0.0,0.03,-4.9091,-6.96339,-4.32079,25.8667,35.6364,43.4091,3.77865,3.23229,5.01035,0.391951,0.315713,0.462641,0.62606,0.561884,0.680178,0.524545,0.741422,0.740231,0.738247,0.735473,0.731911,0.727565,0.72244,0.716542,0.709876,0.702451,0.694273,0.685351,0.492448,0.696054,0.694936,0.693074,0.690469,0.687125,0.683046,0.678235,0.672697,0.666439,0.659468,0.65179,0.643415,0.517148,0.730967,0.729792,0.727837,0.725102,0.72159,0.717306,0.712253,0.706438,0.699866,0.692545,0.684483,0.675687,0.280529,0.682232,0.225625,-0.686992,0.507244,-0.529021,12.8852,1641
R,0.8,0.085,0.035,0.025,0.015,0.01,0.0,0.015,0.01,0.005,0.89,0.065,0.015,0.015,0.01,0.005,0.0,0.0,0.0,0.0,0.58,0.115,0.155,0.07,0.05,0.0,0.0,0.0,0.0,0.03,-5.63643,-6.50435,-3.17338,26.4865,31.6129,48.9744,3.91337,3.64605,5.07177,0.411147,0.374895,0.465051,0.641208,0.612287,0.681946,0.525008,0.742076,0.740884,0.738898,0.736121,0.732556,0.728207,0.723078,0.717174,0.710503,0.70307,0.694885,0.685956,0.521473,0.73708,0.735896,0.733923,0.731165,0.727624,0.723304,0.718209,0.712346,0.705719,0.698337,0.690207,0.681338,0.531045,0.75061,0.749404,0.747395,0.744587,0.740981,0.736581,0.731393,0.725422,0.718673,0.711156,0.702876,0.693844,0.240818,0.681553,-0.00452027,-0.658403,0.586203,-0.599896,12.9351,1641
R,0.815,0.09,0.04,0.015,0.015,0.01,0.01,0.0,0.005,0.0,0.975,0.02,0.005,0.0,0.0,0.0,0.0,0.0,0.0,0.0,0.645,0.095,0.15,0.06,0.005,0.005,0.005,0.005,0.0,0.03,-5.37195,-7.07997,-3.41539,25.7895,31.6129,48.5,3.02653,2.98427,4.73631,0.314137,0.303328,0.446987,0.560479,0.550753,0.668571,0.49428,0.698643,0.697521,0.695652,0.693038,0.689681,0.685586,0.680757,0.675199,0.668918,0.661921,0.654215,0.645808,0.489487,0.691869,0.690758,0.688906,0.686317,0.682994,0.678938,0.674156,0.668652,0.662432,0.655503,0.647871,0.639546,0.522817,0.738979,0.737791,0.735814,0.733049,0.729499,0.725168,0.72006,0.714181,0.707537,0.700136,0.691985,0.683093,0.447399,0.690098,0.183345,-0.640982,0.577474,-0.489576,12.3284,1641
R,0.78,0.12,0.04,0.015,0.015,0.005,0.005,0.005,0.0,0.015,0.895,0.08,0.02,0.005,0.0,0.0,0.0,0.0,0.0,0.0,0.65,0.125,0.075,0.065,0.035,0.01,0.0,0.005,0.0,0.035,-5.44674,-6.64806,-3.74453,27.971,31.8033,43.8095,3.58633,3.17488,5.13884,0.387349,0.319964,0.488239,0.622373,0.565653,0.698741,0.518955,0.73352,0.732342,0.730379,0.727635,0.724111,0.719811,0.714741,0.708906,0.702311,0.694965,0.686874,0.678048,0.498829,0.705074,0.703941,0.702054,0.699416,0.696029,0.691896,0.687023,0.681414,0.675075,0.668013,0.660236,0.651752,0.533579,0.75419,0.752979,0.750961,0.748139,0.744515,0.740095,0.734882,0.728882,0.722102,0.714548,0.706229,0.697154,0.343296,0.717831,0.128898,-0.600448,0.612332,-0.536164,12.8228,1641
R,0.725,0.145,0.055,0.02,0.015,0.02,0.01,0.005,0.005,0.0,0.785,0.07,0.075,0.04,0.02,0.01,0.0,0.0,0.0,0.0,0.465,0.115,0.11,0.145,0.045,0.035,0.01,0.015,0.005,0.055,-4.6285,-5.15123,-0.475321,28.4058,32.1667,45.5814,3.65417,3.5122,5.84689,0.350108,0.355117,0.525854,0.591699,0.595917,0.725158,0.499257,0.705678,0.704544,0.702656,0.700016,0.696625,0.692489,0.687612,0.681998,0.675653,0.668586,0.660802,0.652311,0.484458,0.684761,0.683661,0.681828,0.679266,0.675977,0.671963,0.66723,0.661782,0.655626,0.648768,0.641215,0.632975,0.531957,0.751898,0.75069,0.748678,0.745865,0.742253,0.737846,0.732649,0.726667,0.719907,0.712376,0.704083,0.695035,0.390498,0.523306,0.0156481,-0.193096,0.658062,-0.0430971,11.6078,1641
R,0.735,0.16,0.03,0.015,0.01,0.015,0.025,0.005,0.005,0.0,0.55,0.265,0.165,0.015,0.005,0.0,0.0,0.0,0.0,0.0,0.01,0.015,0.17,0.25,0.155,0.16,0.06,0.025,0.05,0.105,-3.14742,-4.33379,7.33516,29.1045,32.3729,32.7119,2.59531,4.00158,4.57095,0.288248,0.363246,0.403418,0.536888,0.602699,0.635152,0.464814,0.656994,0.655938,0.65418,0.651722,0.648566,0.644715,0.640174,0.634947,0.629041,0.622461,0.615214,0.607308,0.486136,0.687131,0.686028,0.684189,0.681618,0.678317,0.674289,0.66954,0.664074,0.657896,0.651014,0.643435,0.635167,0.50868,0.718998,0.717843,0.715919,0.713228,0.709774,0.70556,0.70059,0.69487,0.688406,0.681205,0.673275,0.664623,-0.106321,-0.123616,-0.917659,-0.827106,0.73831,-0.870889,10.8772,1641
R,0.825,0.065,0.05,0.03,0.005,0.01,0.01,0.005,0.0,0.0,0.965,0.02,0.015,0.0,0.0,0.0,0.0,0.0,0.0,0.0,0.47,0.135,0.14,0.14,0.035,0.02,0.015,0.005,0.01,0.03,-5.41501,-7.30348,-1.11321,31.2698,29.2537,45.4762,3.10107,2.9613,5.11921,0.318406,0.278459,0.462528,0.564275,0.527692,0.680094,0.495735,0.7007,0.699575,0.6977,0.695078,0.691712,0.687605,0.682762,0.677187,0.670888,0.66387,0.656141,0.64771,0.468869,0.662726,0.661661,0.659888,0.657408,0.654224,0.65034,0.645759,0.640487,0.634529,0.627891,0.620581,0.612607,0.522099,0.737965,0.736779,0.734805,0.732043,0.728498,0.724173,0.719072,0.713201,0.706567,0.699176,0.691036,0.682156,0.528598,0.496978,-0.0913243,-0.48831,0.583797,-0.510819,12.0472,1641
R,0.775,0.075,0.05,0.01,0.03,0.03,0.02,0.005,0.005,0.0,0.87,0.125,0.005,0.0,0.0,0.0,0.0,0.0,0.0,0.0,0.415,0.125,0.115,0.165,0.06,0.025,0.025,0.005,0.0,0.065,-5.15035,-6.50305,-0.140001,29.0909,27.971,43.8636,4.16919,3.23034,6.08416,0.403951,0.317645,0.54992,0.635572,0.5636,0.741566,0.518105,0.732319,0.731143,0.729183,0.726443,0.722925,0.718633,0.713571,0.707745,0.701161,0.693827,0.685749,0.676937,0.488044,0.689829,0.688721,0.686875,0.684294,0.68098,0.676937,0.672169,0.666681,0.660479,0.65357,0.645961,0.637661,0.527405,0.745463,0.744266,0.742271,0.739482,0.735901,0.731531,0.726379,0.720448,0.713746,0.70628,0.698057,0.689087,0.299925,0.484179,-0.205623,-0.594625,0.635776,-0.387901,12.5093,1641
R,0.755,0.115,0.03,0.02,0.005,0.03,0.02,0.015,0.01,0.0,0.64,0.275,0.065,0.02,0.0,0.0,0.0,0.0,0.0,0.0,0.02,0.0,0.165,0.28,0.22,0.115,0.04,0.035,0.02,0.105,-2.98781,-5.13846,6.76943,28.0,29.2424,29.6923,3.18611,4.05832,4.25793,0.345817,0.38365,0.402237,0.588062,0.619395,0.634222,0.485936,0.686849,0.685745,0.683908,0.681338,0.678038,0.674012,0.669265,0.663801,0.657626,0.650746,0.64317,0.634906,0.500628,0.707616,0.70648,0.704586,0.701938,0.698539,0.694392,0.6895,0.683871,0.677509,0.670422,0.662617,0.654103,0.515029,0.727971,0.726801,0.724854,0.72213,0.718632,0.714366,0.709334,0.703542,0.696998,0.689707,0.681677,0.672918,-0.161967,0.0211011,-0.924943,-0.840008,0.765457,-0.853143,11.0832,1641
R,0.84,0.07,0.03,0.025,0.005,0.025,0.005,0.0,0.0,0.0,0.605,0.215,0.11,0.065,0.0,0.005,0.0,0.0,0.0,0.0,0.125,0.045,0.205,0.23,0.17,0.085,0.02,0.03,0.01,0.08,-5.57166,-4.53419,4.20361,30.625,30.7937,33.2203,3.13508,4.01469,4.88996,0.31074,0.371846,0.483842,0.557441,0.609792,0.695588,0.483852,0.683904,0.682805,0.680975,0.678416,0.67513,0.671122,0.666395,0.660954,0.654806,0.647956,0.640412,0.632183,0.502826,0.710723,0.709581,0.707679,0.70502,0.701605,0.69744,0.692527,0.686873,0.680483,0.673365,0.665526,0.656974,0.532131,0.752144,0.750935,0.748923,0.746108,0.742495,0.738086,0.732888,0.726904,0.720142,0.712609,0.704313,0.695262,0.192306,-0.109765,-0.699251,-0.683163,0.570868,-0.5539,11.6695,1641
R,0.9,0.05,0.03,0.01,0.0,0.01,0.0,0.0,0.0,0.0,0.45,0.225,0.225,0.095,0.005,0.0,0.0,0.0,0.0,0.0,0.005,0.015,0.095,0.33,0.31,0.07,0.055,0.03,0.01,0.08,-5.86177,-3.48731,6.51654,30.8065,29.5455,31.8333,2.07803,4.55323,3.4988,0.216881,0.415776,0.343973,0.465705,0.644807,0.586492,0.442234,0.625078,0.624074,0.622402,0.620063,0.61706,0.613396,0.609075,0.604103,0.598483,0.592223,0.585328,0.577806,0.510728,0.721892,0.720732,0.718801,0.7161,0.712632,0.7084,0.703411,0.697668,0.691178,0.683948,0.675985,0.667299,0.500835,0.707908,0.706771,0.704877,0.702228,0.698827,0.694678,0.689785,0.684153,0.677789,0.670699,0.66289,0.654372,0.191864,-0.54139,-0.836201,-0.652313,0.608052,-0.83073,11.3073,1641
R,0.795,0.115,0.04,0.01,0.02,0.015,0.0,0.005,0.0,0.0,0.78,0.105,0.075,0.025,0.01,0.005,0.0,0.0,0.0,0.0,0.46,0.07,0.13,0.15,0.085,0.035,0.02,0.015,0.0,0.035,-5.91438,-5.84945,-0.869323,26.4865,27.1831,39.2,3.23317,3.91494,6.04067,0.322061,0.385144,0.521291,0.567504,0.6206,0.722005,0.487928,0.689665,0.688558,0.686712,0.684132,0.680818,0.676776,0.672009,0.666523,0.660322,0.653415,0.645808,0.637509,0.511287,0.722681,0.72152,0.719587,0.716883,0.713411,0.709175,0.70418,0.698431,0.691933,0.684695,0.676724,0.668028,0.524143,0.740853,0.739663,0.737681,0.734909,0.73135,0.727007,0.721887,0.715993,0.709332,0.701912,0.69374,0.684826,0.341269,0.342499,-0.179368,-0.573775,0.41211,-0.39167,12.4412,1641
R,0.785,0.08,0.05,0.015,0.03,0.015,0.02,0.005,0.0,0.0,0.94,0.05,0.005,0.0,0.0,0.005,0.0,0.0,0.0,0.0,0.54,0.135,0.13,0.08,0.05,0.005,0.01,0.0,0.005,0.045,-5.54325,-6.60242,-2.32873,29.403,28.2353,43.5556,3.99831,3.33797,5.61918,0.390144,0.328954,0.517958,0.624615,0.573545,0.719693,0.505786,0.714906,0.713758,0.711845,0.70917,0.705735,0.701545,0.696604,0.690916,0.684489,0.677329,0.669443,0.660841,0.49234,0.695901,0.694783,0.692921,0.690317,0.686974,0.682895,0.678085,0.672549,0.666293,0.659323,0.651647,0.643273,0.527883,0.74614,0.744941,0.742945,0.740153,0.736568,0.732195,0.727038,0.721102,0.714394,0.706921,0.698691,0.689713,0.308924,0.544608,-0.0606666,-0.665594,0.490668,-0.561715,12.8062,1641
R,0.55,0.185,0.08,0.09,0.015,0.04,0.025,0.01,0.005,0.0,0.37,0.215,0.225,0.16,0.025,0.005,0.0,0.0,0.0,0.0,0.005,0.015,0.03,0.32,0.25,0.11,0.07,0.03,0.045,0.125,-1.83996,-2.34335,8.05019,29.403,31.5,34.2105,3.82684,4.60903,4.42652,0.361025,0.428331,0.39084,0.600854,0.65447,0.625172,0.495625,0.700544,0.699419,0.697545,0.694923,0.691558,0.687452,0.68261,0.677037,0.670738,0.663722,0.655995,0.647565,0.509902,0.720725,0.719567,0.717638,0.714941,0.711479,0.707255,0.702273,0.696539,0.69006,0.682841,0.674892,0.666219,0.512093,0.723822,0.722659,0.720722,0.718014,0.714536,0.710294,0.705291,0.699533,0.693025,0.685776,0.677792,0.669082,-0.386307,0.0719964,-0.645037,-0.579694,0.660069,-0.65846,11.1598,1641
R,0.49,0.355,0.06,0.025,0.05,0.015,0.0,0.0,0.0,0.005,0.52,0.135,0.21,0.125,0.01,0.0,0.0,0.0,0.0,0.0,0.005,0.01,0.155,0.22,0.165,0.13,0.085,0.07,0.065,0.095,-1.9019,-3.69871,8.02679,33.2203,33.5714,39.5918,2.24005,4.79039,4.67633,0.241844,0.422464,0.397366,0.491776,0.649972,0.63037,0.451391,0.638022,0.636997,0.63529,0.632902,0.629837,0.626098,0.621688,0.616612,0.610876,0.604486,0.597448,0.589771,0.530387,0.74968,0.748475,0.746469,0.743664,0.740063,0.735669,0.730487,0.724523,0.717783,0.710274,0.702005,0.692985,0.52542,0.742658,0.741464,0.739477,0.736698,0.733131,0.728778,0.723645,0.717736,0.71106,0.703622,0.69543,0.686494,-0.301185,-0.104313,-0.820828,-0.749572,0.586169,-0.79901,10.8372,1641
R,0.62,0.115,0.105,0.045,0.015,0.025,0.01,0.015,0.01,0.04,0.65,0.135,0.105,0.04,0.05,0.01,0.005,0.005,0.0,0.0,0.39,0.095,0.125,0.12,0.085,0.07,0.005,0.02,0.015,0.075,-3.56381,-4.67201,-0.0110612,26.3014,28.2353,35.8491,6.26465,4.88076,7.51818,0.585756,0.457163,0.664157,0.765347,0.676139,0.814958,0.566992,0.801419,0.800131,0.797987,0.794988,0.791138,0.786441,0.780901,0.774526,0.767321,0.759294,0.750454,0.740811,0.533324,0.753831,0.75262,0.750603,0.747782,0.74416,0.739742,0.734532,0.728535,0.721757,0.714207,0.705893,0.696822,0.580155,0.820024,0.818707,0.816513,0.813444,0.809505,0.804699,0.79903,0.792507,0.785135,0.776922,0.767877,0.758009,0.00457367,0.583375,-0.179872,-0.304742,0.634565,-0.222773,13.9044,1641
S,0.16,0.025,0.075,0.135,0.34,0.235,0.03,0.0,0.0,0.0,0.91,0.055,0.025,0.0,0.01,0.0,0.0,0.0,0.0,0.0,0.51,0.165,0.15,0.095,0.04,0.025,0.01,0.0,0.005,0.0,3.97602,-6.13309,-1.90987,42.7273,29.6875,36.8627,4.17215,2.38044,3.78893,0.385174,0.233895,0.345613,0.620624,0.483627,0.587888,0.456863,0.645756,0.644719,0.642991,0.640575,0.637472,0.633687,0.629224,0.624087,0.618281,0.611813,0.604691,0.59692,0.450738,0.637098,0.636075,0.63437,0.631986,0.628925,0.625191,0.620788,0.615719,0.609992,0.603611,0.596583,0.588917,0.478721,0.676651,0.675564,0.673754,0.671222,0.667971,0.664005,0.659328,0.653945,0.647862,0.641085,0.633621,0.625479,-0.596103,-0.157768,0.280791,-0.201324,0.0755087,-0.0894324,10.6852,1641
S,0.15,0.06,0.08,0.125,0.275,0.215,0.065,0.02,0.01,0.0,0.85,0.085,0.045,0.015,0.005,0.0,0.0,0.0,0.0,0.0,0.21,0.19,0.225,0.22,0.1,0.035,0.015,0.005,0.0,0.0,4.46107,-6.52825,1.00567,49.4737,36.9811,42.1739,4.31116,3.17121,3.32509,0.377097,0.291636,0.291284,0.614082,0.540034,0.539707,0.461681,0.652566,0.651518,0.649772,0.64733,0.644195,0.64037,0.63586,0.630668,0.624801,0.618266,0.611068,0.603216,0.467251,0.660439,0.659378,0.657611,0.655139,0.651966,0.648096,0.643531,0.638277,0.632339,0.625724,0.61844,0.610493,0.440676,0.622877,0.621876,0.62021,0.617879,0.614887,0.611236,0.60693,0.601975,0.596375,0.590137,0.583267,0.575772,-0.615002,0.127356,-0.123913,-0.177129,-0.0333027,0.147611,10.7938,1641
S,0.02,0.05,0.145,0.245,0.28,0.145,0.075,0.04,0.0,0.0,0.925,0.065,0.01,0.0,0.0,0.0,0.0,0.0,0.0,0.0,0.5,0.265,0.13,0.07,0.025,0.005,0.005,0.0,0.0,0.0,5.37285,-7.01073,-2.2645,45.0,31.3115,40.6383,2.99009,2.33984,2.89798,0.267517,0.223644,0.261964,0.517221,0.47291,0.511825,0.455378,0.643657,0.642623,0.640901,0.638492,0.6354,0.631628,0.627179,0.622058,0.616271,0.609825,0.602725,0.59498,0.455351,0.643619,0.642585,0.640863,0.638454,0.635362,0.63159,0.627141,0.622021,0.616235,0.609788,0.602689,0.594945,0.423698,0.598879,0.597917,0.596315,0.594074,0.591197,0.587687,0.583547,0.578783,0.573399,0.567401,0.560795,0.553589,-0.736335,-0.359707,0.459774,0.0378758,0.135815,-0.0445181,10.5587,1641
S,0.115,0.09,0.12,0.2,0.26,0.165,0.05,0.0,0.0,0.0,0.86,0.095,0.03,0.01,0.005,0.0,0.0,0.0,0.0,0.0,0.38,0.155,0.13,0.11,0.135,0.07,0.02,0.0,0.0,0.0,3.8046,-6.56097,0.126162,51.8421,37.3077,44.8837,3.73028,2.78312,4.31791,0.331951,0.255991,0.35645,0.576151,0.505955,0.597035,0.424459,0.599955,0.598991,0.597385,0.59514,0.592258,0.588742,0.584595,0.579822,0.574428,0.568419,0.561802,0.554583,0.459023,0.648809,0.647766,0.64603,0.643603,0.640486,0.636683,0.632198,0.627037,0.621204,0.614706,0.607549,0.599742,0.446308,0.630836,0.629823,0.628135,0.625774,0.622744,0.619046,0.614686,0.609667,0.603996,0.597678,0.59072,0.583129,-0.652056,-0.198267,0.0822898,-0.268515,-0.275567,0.215741,10.5336,1641
S,0.0,0.02,0.1,0.24,0.325,0.23,0.055,0.025,0.005,0.0,0.905,0.08,0.01,0.005,0.0,0.0,0.0,0.0,0.0,0.0,0.415,0.17,0.14,0.145,0.09,0.035,0.005,0.0,0.0,0.0,6.10108,-6.4562,-0.815872,46.8293,37.5,45.4762,2.38345,2.61136,3.91024,0.213809,0.235444,0.323987,0.462395,0.485226,0.569199,0.416636,0.588897,0.587951,0.586375,0.584171,0.581342,0.577891,0.57382,0.569135,0.563841,0.557943,0.551447,0.544361,0.455571,0.643929,0.642895,0.641172,0.638762,0.635669,0.631895,0.627444,0.622321,0.616532,0.610083,0.60298,0.595232,0.425764,0.601798,0.600831,0.599221,0.596969,0.594078,0.590551,0.586391,0.581604,0.576194,0.570166,0.563528,0.556287,-0.824323,-0.109349,0.115937,-0.13753,0.109168,-0.0883526,10.5284,1641
S,0.12,0.04,0.065,0.095,0.36,0.27,0.045,0.005,0.0,0.0,0.79,0.12,0.07,0.01,0.0,0.005,0.005,0.0,0.0,0.0,0.45,0.085,0.12,0.195,0.115,0.035,0.0,0.0,0.0,0.0,4.78461,-5.15445,-0.57231,51.0811,38.4314,40.8696,3.7825,2.77889,4.30181,0.35751,0.266743,0.342556,0.597921,0.516471,0.585283,0.419065,0.59233,0.591379,0.589794,0.587577,0.584732,0.58126,0.577166,0.572454,0.567128,0.561196,0.554662,0.547535,0.449818,0.635798,0.634776,0.633075,0.630696,0.627642,0.623915,0.61952,0.614462,0.608746,0.602379,0.595366,0.587715,0.402644,0.56912,0.568206,0.566683,0.564554,0.56182,0.558484,0.55455,0.550023,0.544906,0.539206,0.532929,0.52608,-0.713313,-0.338412,0.0319408,-0.369828,-0.357366,-0.106962,10.3875,1641
S,0.075,0.08,0.115,0.165,0.27,0.19,0.085,0.015,0.005,0.0,0.885,0.09,0.015,0.01,0.0,0.0,0.0,0.0,0.0,0.0,0.325,0.15,0.15,0.24,0.08,0.03,0.01,0.01,0.0,0.005,4.86429,-6.2647,0.0263123,47.3171,33.9286,42.3913,3.56114,2.56673,4.39676,0.323994,0.246223,0.379596,0.569205,0.496209,0.616114,0.448559,0.634018,0.632999,0.631303,0.628931,0.625885,0.622169,0.617786,0.612742,0.607042,0.600692,0.593699,0.58607,0.446709,0.631403,0.630389,0.6287,0.626337,0.623304,0.619603,0.615239,0.610216,0.604539,0.598215,0.591251,0.583653,0.46376,0.655504,0.654451,0.652697,0.650244,0.647095,0.643253,0.638722,0.633508,0.627614,0.621049,0.613819,0.605931,-0.699039,0.0845181,0.106234,-0.188527,0.118062,0.227487,10.6368,1641
S,0.07,0.03,0.115,0.205,0.245,0.24,0.075,0.01,0.005,0.005,0.72,0.095,0.135,0.05,0.0,0.0,0.0,0.0,0.0,0.0,0.55,0.11,0.1,0.13,0.06,0.045,0.005,0.0,0.0,0.0,5.22419,-4.70474,-1.94918,58.4848,36.6667,41.5556,3.62077,3.3262,4.30499,0.342231,0.290538,0.361141,0.585005,0.539016,0.60095,0.445537,0.629747,0.628735,0.62705,0.624694,0.621668,0.617977,0.613624,0.608614,0.602953,0.596646,0.589699,0.582122,0.439,0.620507,0.61951,0.61785,0.615528,0.612547,0.60891,0.604622,0.599685,0.594107,0.587892,0.581048,0.573581,0.413416,0.584345,0.583406,0.581843,0.579656,0.576849,0.573424,0.569385,0.564736,0.559483,0.55363,0.547185,0.540153,-0.613501,-0.35802,0.115384,-0.136395,-0.151913,-0.249246,10.612,1641
S,0.17,0.12,0.11,0.105,0.21,0.185,0.07,0.025,0.005,0.0,0.93,0.055,0.01,0.005,0.0,0.0,0.0,0.0,0.0,0.0,0.27,0.19,0.17,0.17,0.145,0.025,0.025,0.005,0.0,0.0,3.57437,-6.64239,0.650792,49.2105,37.0,43.4091,4.66478,2.60701,3.91312,0.392898,0.247205,0.333755,0.626816,0.497197,0.577716,0.450413,0.636638,0.635616,0.633912,0.63153,0.628472,0.62474,0.62034,0.615275,0.609551,0.603175,0.596153,0.588492,0.459131,0.648962,0.647919,0.646183,0.643754,0.640637,0.636833,0.632347,0.627185,0.62135,0.61485,0.607692,0.599884,0.433962,0.613386,0.612401,0.61076,0.608464,0.605518,0.601922,0.597683,0.592803,0.587288,0.581145,0.574379,0.566998,-0.495019,-0.0230335,-0.110424,-0.0415283,-0.116343,0.0226374,10.5743,1641
S,0.0,0.04,0.1,0.17,0.385,0.22,0.065,0.015,0.0,0.005,0.92,0.05,0.02,0.005,0.005,0.0,0.0,0.0,0.0,0.0,0.475,0.16,0.115,0.14,0.075,0.035,0.0,0.0,0.0,0.0,6.05948,-5.91437,-1.24159,40.8333,33.6842,38.2,2.4612,2.32383,3.89852,0.228489,0.222336,0.322065,0.478005,0.471525,0.567508,0.431246,0.609548,0.608569,0.606938,0.604657,0.601728,0.598156,0.593943,0.589093,0.583613,0.577508,0.570785,0.56345,0.444877,0.628815,0.627805,0.626122,0.623769,0.620748,0.617063,0.612716,0.607714,0.602061,0.595763,0.588827,0.58126,0.422043,0.59654,0.595581,0.593985,0.591753,0.588887,0.585391,0.581268,0.576522,0.571159,0.565184,0.558604,0.551426,-0.767606,-0.131169,0.310047,0.0521106,0.222246,0.171841,10.3401,1641
S,0.35,0.28,0.105,0.075,0.105,0.065,0.02,0.0,0.0,0.0,0.84,0.105,0.045,0.005,0.0,0.005,0.0,0.0,0.0,0.0,0.33,0.15,0.125,0.205,0.095,0.055,0.02,0.01,0.01,0.0,-0.294457,-6.32626,-0.191416,45.3488,37.1154,36.9811,3.86245,3.1922,5.1734,0.339103,0.282971,0.44306,0.582326,0.53195,0.665627,0.419477,0.592912,0.591959,0.590373,0.588154,0.585306,0.581831,0.577733,0.573016,0.567685,0.561747,0.555207,0.548073,0.467537,0.660843,0.659781,0.658013,0.65554,0.652365,0.648492,0.643924,0.638667,0.632726,0.626107,0.618818,0.610866,0.474272,0.670363,0.669286,0.667492,0.664984,0.661763,0.657834,0.6532,0.647867,0.641841,0.635127,0.627732,0.619666,-0.0938519,0.105468,0.00432291,-0.272954,0.10384,-0.0402038,10.4781,1641
S,0.005,0.045,0.085,0.235,0.275,0.255,0.1,0.0,0.0,0.0,0.9,0.09,0.005,0.005,0.0,0.0,0.0,0.0,0.0,0.0,0.315,0.205,0.2,0.12,0.085,0.045,0.03,0.0,0.0,0.0,6.01385,-6.66964,0.28509,43.3333,36.9811,49.7368,2.62501,2.57811,3.56415,0.231217,0.233567,0.309069,0.480851,0.483288,0.55594,0.434479,0.614117,0.61313,0.611487,0.609189,0.606239,0.602639,0.598394,0.593509,0.587988,0.581837,0.575063,0.567674,0.456467,0.645196,0.644159,0.642433,0.640019,0.636919,0.633138,0.628678,0.623545,0.617745,0.611283,0.604166,0.596403,0.435681,0.615816,0.614827,0.613179,0.610875,0.607916,0.604307,0.600051,0.595151,0.589615,0.583447,0.576655,0.569245,-0.796767,0.032224,0.0650515,-0.0447858,-0.0523554,0.278589,10.6175,1641
S,0.09,0.225,0.13,0.185,0.18,0.155,0.03,0.0,0.005,0.0,0.92,0.08,0.0,0.0,0.0,0.0,0.0,0.0,0.0,0.0,0.47,0.17,0.17,0.105,0.045,0.03,0.005,0.005,0.0,0.0,3.1127,-7.01984,-1.82068,44.5238,35.1852,40.625,3.76567,2.32572,4.0027,0.303997,0.210852,0.343017,0.551359,0.459186,0.585676,0.407955,0.576627,0.575701,0.574158,0.572,0.56923,0.565851,0.561865,0.557278,0.552093,0.546318,0.539958,0.53302,0.42854,0.605723,0.604749,0.603129,0.600862,0.597952,0.594402,0.590215,0.585396,0.579951,0.573884,0.567203,0.559914,0.452467,0.639542,0.638515,0.636803,0.63441,0.631338,0.627589,0.623169,0.618081,0.612331,0.605926,0.598872,0.591176,-0.56554,0.165962,0.254414,-0.0813776,0.490592,-0.188517,10.3497,1641
S,0.175,0.05,0.115,0.2,0.25,0.165,0.03,0.015,0.0,0.0,0.895,0.07,0.03,0.0,0.005,0.0,0.0,0.0,0.0,0.0,0.115,0.17,0.225,0.235,0.185,0.035,0.025,0.01,0.0,0.0,3.37363,-6.66026,2.43143,44.6512,38.2353,39.0,4.11797,2.57756,3.17071,0.36422,0.241726,0.272994,0.603506,0.491656,0.522489,0.423619,0.598767,0.597805,0.596203,0.593963,0.591086,0.587577,0.583438,0.578674,0.573291,0.567294,0.56069,0.553485,0.453917,0.641592,0.640561,0.638845,0.636444,0.633362,0.629601,0.625166,0.620062,0.614294,0.607868,0.600792,0.593071,0.432204,0.610901,0.60992,0.608285,0.605999,0.603065,0.599484,0.595261,0.590401,0.584909,0.578791,0.572052,0.564701,-0.546231,0.220607,-0.447975,-0.153889,-0.100834,0.067624,10.3136,1641
S,0.02,0.06,0.14,0.21,0.27,0.215,0.055,0.015,0.01,0.005,0.945,0.045,0.01,0.0,0.0,0.0,0.0,0.0,0.0,0.0,0.355,0.17,0.19,0.19,0.085,0.005,0.0,0.0,0.0,0.005,5.56181,-6.8574,-0.426276,58.4848,36.7308,47.0,2.87047,2.43501,3.52347,0.264,0.231803,0.303,0.513809,0.48146,0.550455,0.440385,0.622466,0.621466,0.6198,0.617471,0.61448,0.610832,0.60653,0.601578,0.595981,0.589747,0.582881,0.575391,0.465013,0.657276,0.65622,0.654461,0.652002,0.648844,0.644992,0.640449,0.63522,0.629311,0.622728,0.615478,0.607569,0.439991,0.621908,0.620909,0.619245,0.616918,0.61393,0.610285,0.605987,0.601039,0.595448,0.589219,0.582359,0.574876,-0.745535,-0.0240098,0.107861,0.0147603,0.104903,0.0432237,10.4448,1641
S,0.18,0.12,0.145,0.14,0.245,0.15,0.01,0.0,0.01,0.0,0.82,0.1,0.045,0.01,0.015,0.005,0.0,0.005,0.0,0.0,0.145,0.07,0.195,0.24,0.205,0.09,0.045,0.01,0.0,0.0,2.91956,-6.43306,3.00183,51.0526,40.625,40.8511,3.96509,3.60119,3.55469,0.326329,0.340613,0.325749,0.571252,0.583621,0.570744,0.431179,0.609453,0.608473,0.606843,0.604562,0.601634,0.598062,0.59385,0.589001,0.583522,0.577418,0.570696,0.563362,0.495673,0.700612,0.699486,0.697611,0.69499,0.691624,0.687518,0.682675,0.677101,0.670803,0.663786,0.656058,0.647627,0.436037,0.616319,0.615329,0.61368,0.611374,0.608413,0.604801,0.600541,0.595638,0.590097,0.583924,0.577126,0.56971,-0.512089,0.301388,-0.335369,-0.166111,0.0134418,0.202387,10.6168,1641
S,0.01,0.01,0.115,0.34,0.295,0.175,0.045,0.01,0.0,0.0,0.8,0.085,0.095,0.02,0.0,0.0,0.0,0.0,0.0,0.0,0.64,0.135,0.155,0.06,0.0,0.01,0.0,0.0,0.0,0.0,5.36315,-4.98995,-4.07753,43.9535,34.5614,38.2353,2.3366,2.67688,3.7215,0.203421,0.244263,0.306285,0.451022,0.49423,0.55343,0.389539,0.550597,0.549712,0.548239,0.546179,0.543534,0.540307,0.536501,0.532121,0.527171,0.521656,0.515583,0.508958,0.41478,0.586274,0.585332,0.583763,0.58157,0.578753,0.575317,0.571264,0.5666,0.56133,0.555458,0.548991,0.541937,0.424053,0.599381,0.598418,0.596814,0.594572,0.591692,0.588179,0.584036,0.579268,0.573879,0.567876,0.561265,0.554053,-0.708191,-0.483498,0.378035,0.0608034,0.350184,-0.447668,10.2289,1641
S,0.155,0.1,0.085,0.185,0.22,0.175,0.06,0.02,0.0,0.0,0.82,0.12,0.045,0.015,0.0,0.0,0.0,0.0,0.0,0.0,0.185,0.09,0.13,0.29,0.2,0.055,0.03,0.01,0.005,0.005,3.67327,-5.86867,2.6359,47.75,33.6842,40.625,4.29937,2.86429,3.70321,0.377615,0.265507,0.340025,0.614504,0.515274,0.583117,0.461079,0.651715,0.650668,0.648924,0.646486,0.643355,0.639535,0.63503,0.629846,0.623987,0.617459,0.610271,0.602429,0.465592,0.658094,0.657037,0.655276,0.652814,0.649652,0.645795,0.641246,0.636011,0.630094,0.623503,0.616244,0.608325,0.451902,0.638744,0.637718,0.636009,0.633619,0.63055,0.626806,0.622391,0.61731,0.611567,0.60517,0.598124,0.590439,-0.588832,0.108153,-0.366367,-0.251011,-0.227348,0.0815223,10.4709,1641
